000000011110110000000111
111111011011110011100001
000000000011010010011111
000000001111101101000000
000000000110111000100010
111111110100100011101101
111111100011010011000010
111111011000111101011011
111111010110101000010100
111111011010100001011011
111111100010001001100100
111111101011101011100010
111111110110001101110101
000000000001010111101011
000000001100101100000110
000000010111010100011000
000000100000000001001101
000000100101100001000010
000000100110111000011111
000000100011110111110111
000000011101000001111010
000000010011100110111011
000000001001010011111011
111111111111111110001011
111111111001001011011100
111111110101111111101101
111111110110101111000100
111111111010111001010110
000000000001001101001101
000000000111110101001011
000000001100101011011011
000000001101110010101001
000000001001101110111001
111111111111111100010110
111111110000111011100011
111111011110010101011100
111111001010101110010111
111110111001010011010110
111110101101010111011101
111110101001110100000010
111110110000100011011010
111111000010001010000111
111111011101100010011110
000000000000001000011011
000000100101111100001110
000001001010011100011000
000001101000101010100000
000001111100101110010100
000010000011100101010100
000001111100010100110101
000001100111111111011011
000001001001010110000001
000000100100111010001101
111111111111111010100110
111111011111011111010101
111111001000000001000011
111110111100001111110000
111110111100101011101100
111111000111101001111010
111111011001100010011111
111111101101010000111101
111111111101010000111010
000000000100101000000111
111111111111111110011001
111111101110001101110110
111111010001000001010011
111110101100110010110100
111110001000000011111101
111101101010011110100000
111101011011100101001101
111101100001100000010010
111101111111101011000100
111110110101111010100101
000000000000001010001101
000001010110101110110111
000010101111001111110100
000011111101111110011101
000100110111100100101000
000101010010111001100111
000101001010100010010001
000100011101110101001000
000011010001001011111010
000001101101101011101101
111111111111110100101111
111110010101110000101000
111100111101000011111011
111100000000101001010110
111011100110111100011101
111011110000110111111000
111100011001011100101001
111101010110101011000101
111110011011000000001011
111111010111110110010100
000000000000000001100100
000000001010011000110110
111111110011101111011110
111110111111110101001111
111101111001011001001010
111100110000101011111110
111011111001000110110010
111011100110000000011111
111100000111000111100101
111101100101010011010100
000000000000001000011110
000011001100100111011000
000110110101100100101010
001010011101101101000010
001101100011000100001001
001111100011101000101111
010000000010011001011010
001110101100000011111100
001011011010110110101010
000110011000110010010100
111111111111110011100101
111000110111101011100100
110001110001111011010010
101011100100000101010010
100111000001000010100001
100100110010011001100110
100101010010100110101000
101000101000110010001110
101110100110111001001001
110110101010011101100100
000000000000000110101011
001001101001000111101101
010010100010110101101101
011001101110011101011011
011110011000101100111000
011111111111111111111111
011110011000101100111000
011001101110011101011011
010010100010110101101101
001001101001000111101101
000000000000000110101011
110110101010011101100100
101110100110111001001001
101000101000110010001110
100101010010100110101000
100100110010011001100110
100111000001000010100001
101011100100000101010010
110001110001111011010010
111000110111101011100100
111111111111110011100101
000110011000110010010100
001011011010110110101010
001110101100000011111100
010000000010011001011010
001111100011101000101111
001101100011000100001001
001010011101101101000010
000110110101100100101010
000011001100100111011000
000000000000001000011110
111101100101010011010100
111100000111000111100101
111011100110000000011111
111011111001000110110010
111100110000101011111110
111101111001011001001010
111110111111110101001111
111111110011101111011110
000000001010011000110110
000000000000000001100100
111111010111110110010100
111110011011000000001011
111101010110101011000101
111100011001011100101001
111011110000110111111000
111011100110111100011101
111100000000101001010110
111100111101000011111011
111110010101110000101000
111111111111110100101111
000001101101101011101101
000011010001001011111010
000100011101110101001000
000101001010100010010001
000101010010111001100111
000100110111100100101000
000011111101111110011101
000010101111001111110100
000001010110101110110111
000000000000001010001101
111110110101111010100101
111101111111101011000100
111101100001100000010010
111101011011100101001101
111101101010011110100000
111110001000000011111101
111110101100110010110100
111111010001000001010011
111111101110001101110110
111111111111111110011001
000000000100101000000111
111111111101010000111010
111111101101010000111101
111111011001100010011111
111111000111101001111010
111110111100101011101100
111110111100001111110000
111111001000000001000011
111111011111011111010101
111111111111111010100110
000000100100111010001101
000001001001010110000001
000001100111111111011011
000001111100010100110101
000010000011100101010100
000001111100101110010100
000001101000101010100000
000001001010011100011000
000000100101111100001110
000000000000001000011011
111111011101100010011110
111111000010001010000111
111110110000100011011010
111110101001110100000010
111110101101010111011101
111110111001010011010110
111111001010101110010111
111111011110010101011100
111111110000111011100011
111111111111111100010110
000000001001101110111001
000000001101110010101001
000000001100101011011011
000000000111110101001011
000000000001001101001101
111111111010111001010110
111111110110101111000100
111111110101111111101101
111111111001001011011100
111111111111111110001011
000000001001010011111011
000000010011100110111011
000000011101000001111010
000000100011110111110111
000000100110111000011111
000000100101100001000010
000000100000000001001101
000000010111010100011000
000000001100101100000110
000000000001010111101011
111111110110001101110101
111111101011101011100010
111111100010001001100100
111111011010100001011011
111111010110101000010100
111111011000111101011011
111111100011010011000010
111111110100100011101101
000000000110111000100010
000000001111101101000000
000000000011010010011111
111111011011110011100001
000000011110110000000111
000000000000000000000100
000000000000000000000000