00101000111101011100001010001111
00000000000000000000000000000000
00000000000000000000000000000011
00000000000000000000000000001000
00000000000000000000000000001101
11111111111111111111110110010110
11111111111111111111000100001000
11111111111111111101010100111100
11111111111111111111011110011101
11111111111111111110111101101010
11111111111111111101011001011110
00000000000000000000000011110000
11111111111111111111110100010100
11111111111111111110010100010000
00000000000000000001011110011100
00000000000000000001010100100110
11111111111111111111100101011011
00000000000000000011000100010110
00000000000000000010101010100111
00000000000000000000010001001001
00000000000000000011110110011110
00000000000000000010110111011010
11111111111111111111011100011111
00000000000000000011000100101010
00000000000000000001011001110101
11111111111111111100111001001011
00000000000000000000111001010000
11111111111111111110110110001001
11111111111111111001100101000100
11111111111111111110101100010111
11111111111111111100111001100100
11111111111111110111011011001001
11111111111111111110100000101111
11111111111111111101100011001000
11111111111111111000001010010011
00000000000000000001101100011100
00000000000000000001100011110101
11111111111111111011110100000111
00000000000000000111011110110101
00000000000000000111010100101111
11111111111111111111111011101111
00000000000000001100101111101101
00000000000000001011001011110101
00000000000000000000100011010110
00000000000000001101100101000101
00000000000000001001100110010000
11111111111111111010110011000010
00000000000000001000001011111000
00000000000000000010000100101010
11111111111111101111101001000001
11111111111111111111001011011001
11111111111111111000110001111011
11111111111111100100100101011011
11111111111111111001001100000101
11111111111111110100111111001100
11111111111111100000111011110011
11111111111111111101000101010100
11111111111111111100011010111000
11111111111111101000100110011001
00000000000000001100100101100100
00000000000000001110001001011110
11111111111111110111101100101011
00000000000000100001000011100100
00000000000000100000111010010011
00000000000000000010101110111111
00000000000000101101101101000000
00000000000000100111011010111000
11111111111111111100110101001111
00000000000000100111011101001101
00000000000000011001010110011110
11111111111111100001001111001010
00000000000000001110010000011011
11111111111111111011101001110010
11111111111110111001110101101011
11111111111111110001000110011101
11111111111111100001100000110001
11111111111110011100101001100111
11111111111111100111111010001101
11111111111111100010101101100001
11111111111110011111000011011000
00000000000000000100011001001011
00000000000000001011000100001000
11111111111111000100111011111101
00000000000001000010010001100000
00000000000001001101000010011101
11111111111111110111000000000100
00000000000010000010011111000100
00000000000010000010101101111001
00000000000000001001111100111001
00000000000010011000110110001000
00000000000010000001100000000100
11111111111111010111010001111100
00000000000001101000110000000011
00000000000000111000110111010001
11111111111101011011110101011110
00000000000000000001100001110010
11111111111111001001111100111000
11111111111011001000001010011000
11111111111110100101111101110100
11111111111110000100011111101100
11111111111001110001011011111010
11111111111110110001110001001111
11111111111111000000111010111110
11111111111010100000111100100010
00000000000001100001111011000101
00000000000010100011110110010010
11111111111101010101000101101001
00000000000110011001100110001010
00000000000111101001111001001000
00000000000000010110000000011100
00000000001011001000001101110110
00000000001011100000001111100111
11111111111111111110101000110011
00000000001100001110010111100110
00000000001010100001010001110100
11111111111000000110000010100101
00000000000110101000001110011101
00000000000010010011000010010110
11111111100101110100100000100011
11111111111010001101111011010000
11111111110100010110011000001110
11111111001001010100000011001100
11111111101101001110011111110111
11111111101010001101100101001011
11111110100110100100100000110001
11111111110100001110110010010001
00000000000010011010111001010011
11111110000100101111110101110001
00000001100000100001110110001010
00000011010101111010001111100101
11111101101100000011101100110011
00010011111111111110001100001010
01010110110101101100010101000011
10000000000000000000000000000000
01010110110101101100010101000011
00010011111111111110001100001010
11111101101100000011101100110011
00000011010101111010001111100101
00000001100000100001110110001010
11111110000100101111110101110001
00000000000010011010111001010011
11111111110100001110110010010001
11111110100110100100100000110001
11111111101010001101100101001011
11111111101101001110011111110111
11111111001001010100000011001100
11111111110100010110011000001110
11111111111010001101111011010000
11111111100101110100100000100011
00000000000010010011000010010110
00000000000110101000001110011101
11111111111000000110000010100101
00000000001010100001010001110100
00000000001100001110010111100110
11111111111111111110101000110011
00000000001011100000001111100111
00000000001011001000001101110110
00000000000000010110000000011100
00000000000111101001111001001000
00000000000110011001100110001010
11111111111101010101000101101001
00000000000010100011110110010010
00000000000001100001111011000101
11111111111010100000111100100010
11111111111111000000111010111110
11111111111110110001110001001111
11111111111001110001011011111010
11111111111110000100011111101100
11111111111110100101111101110100
11111111111011001000001010011000
11111111111111001001111100111000
00000000000000000001100001110010
11111111111101011011110101011110
00000000000000111000110111010001
00000000000001101000110000000011
11111111111111010111010001111100
00000000000010000001100000000100
00000000000010011000110110001000
00000000000000001001111100111001
00000000000010000010101101111001
00000000000010000010011111000100
11111111111111110111000000000100
00000000000001001101000010011101
00000000000001000010010001100000
11111111111111000100111011111101
00000000000000001011000100001000
00000000000000000100011001001011
11111111111110011111000011011000
11111111111111100010101101100001
11111111111111100111111010001101
11111111111110011100101001100111
11111111111111100001100000110001
11111111111111110001000110011101
11111111111110111001110101101011
11111111111111111011101001110010
00000000000000001110010000011011
11111111111111100001001111001010
00000000000000011001010110011110
00000000000000100111011101001101
11111111111111111100110101001111
00000000000000100111011010111000
00000000000000101101101101000000
00000000000000000010101110111111
00000000000000100000111010010011
00000000000000100001000011100100
11111111111111110111101100101011
00000000000000001110001001011110
00000000000000001100100101100100
11111111111111101000100110011001
11111111111111111100011010111000
11111111111111111101000101010100
11111111111111100000111011110011
11111111111111110100111111001100
11111111111111111001001100000101
11111111111111100100100101011011
11111111111111111000110001111011
11111111111111111111001011011001
11111111111111101111101001000001
00000000000000000010000100101010
00000000000000001000001011111000
11111111111111111010110011000010
00000000000000001001100110010000
00000000000000001101100101000101
00000000000000000000100011010110
00000000000000001011001011110101
00000000000000001100101111101101
11111111111111111111111011101111
00000000000000000111010100101111
00000000000000000111011110110101
11111111111111111011110100000111
00000000000000000001100011110101
00000000000000000001101100011100
11111111111111111000001010010011
11111111111111111101100011001000
11111111111111111110100000101111
11111111111111110111011011001001
11111111111111111100111001100100
11111111111111111110101100010111
11111111111111111001100101000100
11111111111111111110110110001001
00000000000000000000111001010000
11111111111111111100111001001011
00000000000000000001011001110101
00000000000000000011000100101010
11111111111111111111011100011111
00000000000000000010110111011010
00000000000000000011110110011110
00000000000000000000010001001001
00000000000000000010101010100111
00000000000000000011000100010110
11111111111111111111100101011011
00000000000000000001010100100110
00000000000000000001011110011100
11111111111111111110010100010000
11111111111111111111110100010100
00000000000000000000000011110000
11111111111111111101011001011110
11111111111111111110111101101010
11111111111111111111011110011101
11111111111111111101010100111100
11111111111111111111000100001000
11111111111111111111110110010110
00000000000000000000000000100110
00000000000000000000000000000001
