0111111111111111
0110010110010101
0010110000011000
0000001011011001
0000101110111000
0011111100110110
0111001010100100
0111101101010011
0101000111000100
0001011111010111
1111110011011110
0001011010011001
0100111101001000
0111011110011010
0110110110101111
0011100100000110
0000010001001110
1111101000111000
0010001001000010
0101101010001100
0111001111000110
0101100000101111
0001110110001001
1111001100100100
1111101011100001
0010110101000001
0101111110010110
0110011100110000
0011110010010010
0000000110011100
1110010110011110
1111111001011011
0011011000010001
0101110101110010
0101001010011011
0001110100001110
1110011101111001
1101110010001101
0000001111001000
0011101101001100
0101001111000110
0011011101111001
1111110000100100
1101000100011000
1101100000110111
0000101000000011
0011101111001100
0100001011100011
0001011111001100
1101110001100101
1100000000000001
1101100001011111
0000111111000010
0011011011011000
0010101111000001
1111010111111101
1100000000111100
1011010100101100
1101110001001111
0001001111000011
0010110000111001
0000111111110000
1101010010101010
1010100110111000
1011000011111010
1110001011110010
0001010011110010
0001110001001010
1111000101111100
1011011001101001
1001101001100011
1011001100101000
1110101011111100
0001001010001011
0000011111110111
1101001010111111
1001110110010010
1001001100100001
1011101011101010
1111001100001100
0000110000111001
1111000010110000
1011011000110000
1000110000001100
1001010000100100
1100011011111010
1111100111011110
0000001000100010
1101100001000110
1001111000101011
1000001100100011
1001110011101101
1101010111001010
1111111001101001
1111010011101001
1100000011001010
1000110010111011
1000001101101100
1010110001011010
1110010110100111
0000000000000000
1110010110100111
1010110001011010
1000001101101100
1000110010111011
1100000011001010
1111010011101001
1111111001101001
1101010111001010
1001110011101101
1000001100100011
1001111000101011
1101100001000110
0000001000100010
1111100111011110
1100011011111010
1001010000100100
1000110000001100
1011011000110000
1111000010110000
0000110000111001
1111001100001100
1011101011101010
1001001100100001
1001110110010010
1101001010111111
0000011111110111
0001001010001011
1110101011111100
1011001100101000
1001101001100011
1011011001101001
1111000101111100
0001110001001010
0001010011110010
1110001011110010
1011000011111010
1010100110111000
1101010010101010
0000111111110000
0010110000111001
0001001111000011
1101110001001111
1011010100101100
1100000000111100
1111010111111101
0010101111000001
0011011011011000
0000111111000010
1101100001011111
1100000000000000
1101110001100101
0001011111001100
0100001011100011
0011101111001100
0000101000000011
1101100000110111
1101000100011000
1111110000100100
0011011101111001
0101001111000110
0011101101001100
0000001111001000
1101110010001101
1110011101111001
0001110100001110
0101001010011011
0101110101110010
0011011000010001
1111111001011011
1110010110011110
0000000110011100
0011110010010010
0110011100110000
0101111110010110
0010110101000001
1111101011100001
1111001100100100
0001110110001001
0101100000101111
0111001111000110
0101101010001100
0010001001000010
1111101000111000
0000010001001110
0011100100000110
0110110110101111
0111011110011010
0100111101001000
0001011010011001
1111110011011110
0001011111010111
0101000111000100
0111101101010011
0111001010100100
0011111100110110
0000101110111000
0000001011011001
0010110000011000
0110010110010101
0111111111111111
0110010110010101
0010110000011000
0000001011011001
0000101110111000
0011111100110110
0111001010100100
0111101101010011
0101000111000100
0001011111010111
1111110011011110
0001011010011001
0100111101001000
0111011110011010
0110110110101111
0011100100000110
0000010001001110
1111101000111000
0010001001000010
0101101010001100
0111001111000110
0101100000101111
0001110110001001
1111001100100100
1111101011100001
0010110101000001
0101111110010110
0110011100110000
0011110010010010
0000000110011100
1110010110011110
1111111001011011
0011011000010001
0101110101110010
0101001010011011
0001110100001110
1110011101111001
1101110010001101
0000001111001000
0011101101001100
0101001111000110
0011011101111001
1111110000100100
1101000100011000
1101100000110111
0000101000000011
0011101111001100
0100001011100011
0001011111001100
1101110001100101
1100000000000001
1101100001011111
0000111111000010
0011011011011000
0010101111000001
1111010111111101
1100000000111100
1011010100101100
1101110001001111
0001001111000011
0010110000111001
0000111111110000
1101010010101010
1010100110111000
1011000011111010
1110001011110010
0001010011110010
0001110001001010
1111000101111100
1011011001101001
1001101001100011
1011001100101000
1110101011111100
0001001010001011
0000011111110111
1101001010111111
1001110110010010
1001001100100001
1011101011101010
1111001100001100
0000110000111001
1111000010110000
1011011000110000
1000110000001100
1001010000100100
1100011011111010
1111100111011110
0000001000100010
1101100001000110
1001111000101011
1000001100100011
1001110011101101
1101010111001010
1111111001101001
1111010011101001
1100000011001010
1000110010111011
1000001101101100
1010110001011010
1110010110100111
0000000000000000
1110010110100111
1010110001011010
1000001101101100
1000110010111011
1100000011001010
1111010011101001
1111111001101001
1101010111001010
1001110011101101
1000001100100011
1001111000101011
1101100001000110
0000001000100010
1111100111011110
1100011011111010
1001010000100100
1000110000001100
1011011000110000
1111000010110000
0000110000111001
1111001100001100
1011101011101010
1001001100100001
1001110110010010
1101001010111111
0000011111110111
0001001010001011
1110101011111100
1011001100101000
1001101001100011
1011011001101001
1111000101111100
0001110001001010
0001010011110010
1110001011110010
1011000011111010
1010100110111000
1101010010101010
0000111111110000
0010110000111001
0001001111000011
1101110001001111
1011010100101100
1100000000111100
1111010111111101
0010101111000001
0011011011011000
0000111111000010
1101100001011111
1100000000000000
1101110001100101
0001011111001100
0100001011100011
0011101111001100
0000101000000011
1101100000110111
1101000100011000
1111110000100100
0011011101111001
0101001111000110
0011101101001100
0000001111001000
1101110010001101
1110011101111001
0001110100001110
0101001010011011
0101110101110010
0011011000010001
1111111001011011
1110010110011110
0000000110011100
0011110010010010
0110011100110000
0101111110010110
0010110101000001
1111101011100001
1111001100100100
0001110110001001
0101100000101111
0111001111000110
0101101010001100
0010001001000010
1111101000111000
0000010001001110
0011100100000110
0110110110101111
0111011110011010
0100111101001000
0001011010011001
1111110011011110
0001011111010111
0101000111000100
0111101101010011
0111001010100100
0011111100110110
0000101110111000
0000001011011001
0010110000011000
0110010110010101
0111111111111111
0110010110010101
0010110000011000
0000001011011001
0000101110111000
0011111100110110
0111001010100100
0111101101010011
0101000111000100
0001011111010111
1111110011011110
0001011010011001
0100111101001000
0111011110011010
0110110110101111
0011100100000110
0000010001001110
1111101000111000
0010001001000010
0101101010001100
0111001111000110
0101100000101111
0001110110001001
1111001100100100
1111101011100001
0010110101000001
0101111110010110
0110011100110000
0011110010010010
0000000110011100
1110010110011110
1111111001011011
0011011000010001
0101110101110010
0101001010011011
0001110100001110
1110011101111001
1101110010001101
0000001111001000
0011101101001100
0101001111000110
0011011101111001
1111110000100100
1101000100011000
1101100000110111
0000101000000011
0011101111001100
0100001011100011
0001011111001100
1101110001100101
1100000000000001
1101100001011111
0000111111000010
0011011011011000
0010101111000001
1111010111111101
1100000000111100
1011010100101100
1101110001001111
0001001111000011
0010110000111001
0000111111110000
1101010010101010
1010100110111000
1011000011111010
1110001011110010
0001010011110010
0001110001001010
1111000101111100
1011011001101001
1001101001100011
1011001100101000
1110101011111100
0001001010001011
0000011111110111
1101001010111111
1001110110010010
1001001100100001
1011101011101010
1111001100001100
0000110000111001
1111000010110000
1011011000110000
1000110000001100
1001010000100100
1100011011111010
1111100111011110
0000001000100010
1101100001000110
1001111000101011
1000001100100011
1001110011101101
1101010111001010
1111111001101001
1111010011101001
1100000011001010
1000110010111011
1000001101101100
1010110001011010
1110010110100111
0000000000000000
1110010110100111
1010110001011010
1000001101101100
1000110010111011
1100000011001010
1111010011101001
1111111001101001
1101010111001010
1001110011101101
1000001100100011
1001111000101011
1101100001000110
0000001000100010
1111100111011110
1100011011111010
1001010000100100
1000110000001100
1011011000110000
1111000010110000
0000110000111001
1111001100001100
1011101011101010
1001001100100001
1001110110010010
1101001010111111
0000011111110111
0001001010001011
1110101011111100
1011001100101000
1001101001100011
1011011001101001
1111000101111100
0001110001001010
0001010011110010
1110001011110010
1011000011111010
1010100110111000
1101010010101010
0000111111110000
0010110000111001
0001001111000011
1101110001001111
1011010100101100
1100000000111100
1111010111111101
0010101111000001
0011011011011000
0000111111000010
1101100001011111
1100000000000001
1101110001100101
0001011111001100
0100001011100011
0011101111001100
0000101000000011
1101100000110111
1101000100011000
1111110000100100
0011011101111001
0101001111000110
0011101101001100
0000001111001000
1101110010001101
1110011101111001
0001110100001110
0101001010011011
0101110101110010
0011011000010001
1111111001011011
1110010110011110
0000000110011100
0011110010010010
0110011100110000
0101111110010110
0010110101000001
1111101011100001
1111001100100100
0001110110001001
0101100000101111
0111001111000110
0101101010001100
0010001001000010
1111101000111000
0000010001001110
0011100100000110
0110110110101111
0111011110011010
0100111101001000
0001011010011001
1111110011011110
0001011111010111
0101000111000100
0111101101010011
0111001010100100
0011111100110110
0000101110111000
0000001011011001
0010110000011000
0110010110010101
0111111111111111
0110010110010101
0010110000011000
0000001011011001
0000101110111000
0011111100110110
0111001010100100
0111101101010011
0101000111000100
0001011111010111
1111110011011110
0001011010011001
0100111101001000
0111011110011010
0110110110101111
0011100100000110
0000010001001110
1111101000111000
0010001001000010
0101101010001100
0111001111000110
0101100000101111
0001110110001001
1111001100100100
1111101011100001
0010110101000001
0101111110010110
0110011100110000
0011110010010010
0000000110011100
1110010110011110
1111111001011011
0011011000010001
0101110101110010
0101001010011011
0001110100001110
1110011101111001
1101110010001101
0000001111001000
0011101101001100
0101001111000110
0011011101111001
1111110000100100
1101000100011000
1101100000110111
0000101000000011
0011101111001100
0100001011100011
0001011111001100
1101110001100101
1100000000000000
1101100001011111
0000111111000010
0011011011011000
0010101111000001
1111010111111101
1100000000111100
1011010100101100
1101110001001111
0001001111000011
0010110000111001
0000111111110000
1101010010101010
1010100110111000
1011000011111010
1110001011110010
0001010011110010
0001110001001010
1111000101111100
1011011001101001
1001101001100011
1011001100101000
1110101011111100
0001001010001011
0000011111110111
1101001010111111
1001110110010010
1001001100100001
1011101011101010
1111001100001100
0000110000111001
1111000010110000
1011011000110000
1000110000001100
1001010000100100
1100011011111010
1111100111011110
0000001000100010
1101100001000110
1001111000101011
1000001100100011
1001110011101101
1101010111001010
1111111001101001
1111010011101001
1100000011001010
1000110010111011
1000001101101100
1010110001011010
1110010110100111
0000000000000000
1110010110100111
1010110001011010
1000001101101100
1000110010111011
1100000011001010
1111010011101001
1111111001101001
1101010111001010
1001110011101101
1000001100100011
1001111000101011
1101100001000110
0000001000100010
1111100111011110
1100011011111010
1001010000100100
1000110000001100
1011011000110000
1111000010110000
0000110000111001
1111001100001100
1011101011101010
1001001100100001
1001110110010010
1101001010111111
0000011111110111
0001001010001011
1110101011111100
1011001100101000
1001101001100011
1011011001101001
1111000101111100
0001110001001010
0001010011110010
1110001011110010
1011000011111010
1010100110111000
1101010010101010
0000111111110000
0010110000111001
0001001111000011
1101110001001111
1011010100101100
1100000000111100
1111010111111101
0010101111000001
0011011011011000
0000111111000010
1101100001011111
1100000000000001
1101110001100101
0001011111001100
0100001011100011
0011101111001100
0000101000000011
1101100000110111
1101000100011000
1111110000100100
0011011101111001
0101001111000110
0011101101001100
0000001111001000
1101110010001101
1110011101111001
0001110100001110
0101001010011011
0101110101110010
0011011000010001
1111111001011011
1110010110011110
0000000110011100
0011110010010010
0110011100110000
0101111110010110
0010110101000001
1111101011100001
1111001100100100
0001110110001001
0101100000101111
0111001111000110
0101101010001100
0010001001000010
1111101000111000
0000010001001110
0011100100000110
0110110110101111
0111011110011010
0100111101001000
0001011010011001
1111110011011110
0001011111010111
0101000111000100
0111101101010011
0111001010100100
0011111100110110
0000101110111000
0000001011011001
0010110000011000
0110010110010101
0111111111111111
0110010110010101
0010110000011000
0000001011011001
0000101110111000
0011111100110110
0111001010100100
0111101101010011
0101000111000100
0001011111010111
1111110011011110
0001011010011001
0100111101001000
0111011110011010
0110110110101111
0011100100000110
0000010001001110
1111101000111000
0010001001000010
0101101010001100
0111001111000110
0101100000101111
0001110110001001
1111001100100100
1111101011100001
0010110101000001
0101111110010110
0110011100110000
0011110010010010
0000000110011100
1110010110011110
1111111001011011
0011011000010001
0101110101110010
0101001010011011
0001110100001110
1110011101111001
1101110010001101
0000001111001000
0011101101001100
0101001111000110
0011011101111001
1111110000100100
1101000100011000
1101100000110111
0000101000000011
0011101111001100
0100001011100011
0001011111001100
1101110001100101
1100000000000000
1101100001011111
0000111111000010
0011011011011000
0010101111000001
1111010111111101
1100000000111100
1011010100101100
1101110001001111
0001001111000011
0010110000111001
0000111111110000
1101010010101010
1010100110111000
1011000011111010
1110001011110010
0001010011110010
0001110001001010
1111000101111100
1011011001101001
1001101001100011
1011001100101000
1110101011111100
0001001010001011
0000011111110111
1101001010111111
1001110110010010
1001001100100001
1011101011101010
1111001100001100
0000110000111001
1111000010110000
1011011000110000
1000110000001100
1001010000100100
1100011011111010
1111100111011110
0000001000100010
1101100001000110
1001111000101011
1000001100100011
1001110011101101
1101010111001010
1111111001101001
1111010011101001
1100000011001010
1000110010111011
1000001101101100
1010110001011010
1110010110100111
0000000000000000
1110010110100111
1010110001011010
1000001101101100
1000110010111011
1100000011001010
1111010011101001
1111111001101001
1101010111001010
1001110011101101
1000001100100011
1001111000101011
1101100001000110
0000001000100010
1111100111011110
1100011011111010
1001010000100100
1000110000001100
1011011000110000
1111000010110000
0000110000111001
1111001100001100
1011101011101010
1001001100100001
1001110110010010
1101001010111111
0000011111110111
0001001010001011
1110101011111100
1011001100101000
1001101001100011
1011011001101001
1111000101111100
0001110001001010
0001010011110010
1110001011110010
1011000011111010
1010100110111000
1101010010101010
0000111111110000
0010110000111001
0001001111000011
1101110001001111
1011010100101100
1100000000111100
1111010111111101
0010101111000001
0011011011011000
0000111111000010
1101100001011111
1100000000000001
1101110001100101
0001011111001100
0100001011100011
0011101111001100
0000101000000011
1101100000110111
1101000100011000
1111110000100100
0011011101111001
0101001111000110
0011101101001100
0000001111001000
1101110010001101
1110011101111001
0001110100001110
0101001010011011
0101110101110010
0011011000010001
1111111001011011
1110010110011110
0000000110011100
0011110010010010
0110011100110000
0101111110010110
0010110101000001
1111101011100001
1111001100100100
0001110110001001
0101100000101111
0111001111000110
0101101010001100
0010001001000010
1111101000111000
0000010001001110
0011100100000110
0110110110101111
0111011110011010
0100111101001000
0001011010011001
1111110011011110
0001011111010111
0101000111000100
0111101101010011
0111001010100100
0011111100110110
0000101110111000
0000001011011001
0010110000011000
0110010110010101
0111111111111111
0110010110010101
0010110000011000
0000001011011001
0000101110111000
0011111100110110
0111001010100100
0111101101010011
0101000111000100
0001011111010111
1111110011011110
0001011010011001
0100111101001000
0111011110011010
0110110110101111
0011100100000110
0000010001001110
1111101000111000
0010001001000010
0101101010001100
0111001111000110
0101100000101111
0001110110001001
1111001100100100
1111101011100001
0010110101000001
0101111110010110
0110011100110000
0011110010010010
0000000110011100
1110010110011110
1111111001011011
0011011000010001
0101110101110010
0101001010011011
0001110100001110
1110011101111001
1101110010001101
0000001111001000
0011101101001100
0101001111000110
0011011101111001
1111110000100100
1101000100011000
1101100000110111
0000101000000011
0011101111001100
0100001011100011
0001011111001100
1101110001100101
1100000000000000
1101100001011111
0000111111000010
0011011011011000
0010101111000001
1111010111111101
1100000000111100
1011010100101100
1101110001001111
0001001111000011
0010110000111001
0000111111110000
1101010010101010
1010100110111000
1011000011111010
1110001011110010
0001010011110010
0001110001001010
1111000101111100
1011011001101001
1001101001100011
1011001100101000
1110101011111100
0001001010001011
0000011111110111
1101001010111111
1001110110010010
1001001100100001
1011101011101010
1111001100001100
0000110000111001
1111000010110000
1011011000110000
1000110000001100
1001010000100100
1100011011111010
1111100111011110
0000001000100010
1101100001000110
1001111000101011
1000001100100011
1001110011101101
1101010111001010
1111111001101001
1111010011101001
1100000011001010
1000110010111011
1000001101101100
1010110001011010
1110010110100111
0000000000000000
1110010110100111
1010110001011010
1000001101101100
1000110010111011
1100000011001010
1111010011101001
1111111001101001
1101010111001010
1001110011101101
1000001100100011
1001111000101011
1101100001000110
0000001000100010
1111100111011110
1100011011111010
1001010000100100
1000110000001100
1011011000110000
1111000010110000
0000110000111001
1111001100001100
1011101011101010
1001001100100001
1001110110010010
1101001010111111
0000011111110111
0001001010001011
1110101011111100
1011001100101000
1001101001100011
1011011001101001
1111000101111100
0001110001001010
0001010011110010
1110001011110010
1011000011111010
1010100110111000
1101010010101010
0000111111110000
0010110000111001
0001001111000011
1101110001001111
1011010100101100
1100000000111100
1111010111111101
0010101111000001
0011011011011000
0000111111000010
1101100001011111
1100000000000000
1101110001100101
0001011111001100
0100001011100011
0011101111001100
0000101000000011
1101100000110111
1101000100011000
1111110000100100
0011011101111001
0101001111000110
0011101101001100
0000001111001000
1101110010001101
1110011101111001
0001110100001110
0101001010011011
0101110101110010
0011011000010001
1111111001011011
1110010110011110
0000000110011100
0011110010010010
0110011100110000
0101111110010110
0010110101000001
1111101011100001
1111001100100100
0001110110001001
0101100000101111
0111001111000110
0101101010001100
0010001001000010
1111101000111000
0000010001001110
0011100100000110
0110110110101111
0111011110011010
0100111101001000
0001011010011001
1111110011011110
0001011111010111
0101000111000100
0111101101010011
0111001010100100
0011111100110110
0000101110111000
0000001011011001
0010110000011000
0110010110010101
0111111111111111
0110010110010101
0010110000011000
0000001011011001
0000101110111000
0011111100110110
0111001010100100
0111101101010011
0101000111000100
0001011111010111
1111110011011110
0001011010011001
0100111101001000
0111011110011010
0110110110101111
0011100100000110
0000010001001110
1111101000111000
0010001001000010
0101101010001100
0111001111000110
0101100000101111
0001110110001001
1111001100100100
1111101011100001
0010110101000001
0101111110010110
0110011100110000
0011110010010010
0000000110011100
1110010110011110
1111111001011011
0011011000010001
0101110101110010
0101001010011011
0001110100001110
1110011101111001
1101110010001101
0000001111001000
0011101101001100
0101001111000110
0011011101111001
1111110000100100
1101000100011000
1101100000110111
0000101000000011
0011101111001100
0100001011100011
0001011111001100
1101110001100101
1100000000000000
1101100001011111
0000111111000010
0011011011011000
0010101111000001
1111010111111101
1100000000111100
1011010100101100
1101110001001111
0001001111000011
0010110000111001
0000111111110000
1101010010101010
1010100110111000
1011000011111010
1110001011110010
0001010011110010
0001110001001010
1111000101111100
1011011001101001
1001101001100011
1011001100101000
1110101011111100
0001001010001011
0000011111110111
1101001010111111
1001110110010010
1001001100100001
1011101011101010
1111001100001100
0000110000111001
1111000010110000
1011011000110000
1000110000001100
1001010000100100
1100011011111010
1111100111011110
0000001000100010
1101100001000110
1001111000101011
1000001100100011
1001110011101101
1101010111001010
1111111001101001
1111010011101001
1100000011001010
1000110010111011
1000001101101100
1010110001011010
1110010110100111
0000000000000000
1110010110100111
1010110001011010
1000001101101100
1000110010111011
1100000011001010
1111010011101001
1111111001101001
1101010111001010
1001110011101101
1000001100100011
1001111000101011
1101100001000110
0000001000100010
1111100111011110
1100011011111010
1001010000100100
1000110000001100
1011011000110000
1111000010110000
0000110000111001
1111001100001100
1011101011101010
1001001100100001
1001110110010010
1101001010111111
0000011111110111
0001001010001011
1110101011111100
1011001100101000
1001101001100011
1011011001101001
1111000101111100
0001110001001010
0001010011110010
1110001011110010
1011000011111010
1010100110111000
1101010010101010
0000111111110000
0010110000111001
0001001111000011
1101110001001111
1011010100101100
1100000000111100
1111010111111101
0010101111000001
0011011011011000
0000111111000010
1101100001011111
1100000000000001
1101110001100101
0001011111001100
0100001011100011
0011101111001100
0000101000000011
1101100000110111
1101000100011000
1111110000100100
0011011101111001
0101001111000110
0011101101001100
0000001111001000
1101110010001101
1110011101111001
0001110100001110
0101001010011011
0101110101110010
0011011000010001
1111111001011011
1110010110011110
0000000110011100
0011110010010010
0110011100110000
0101111110010110
0010110101000001
1111101011100001
1111001100100100
0001110110001001
0101100000101111
0111001111000110
0101101010001100
0010001001000010
1111101000111000
0000010001001110
0011100100000110
0110110110101111
0111011110011010
0100111101001000
0001011010011001
1111110011011110
0001011111010111
0101000111000100
0111101101010011
0111001010100100
0011111100110110
0000101110111000
0000001011011001
0010110000011000
0110010110010101
0111111111111111
0110010110010101
0010110000011000
0000001011011001
0000101110111000
0011111100110110
0111001010100100
0111101101010011
0101000111000100
0001011111010111
1111110011011110
0001011010011001
0100111101001000
0111011110011010
0110110110101111
0011100100000110
0000010001001110
1111101000111000
0010001001000010
0101101010001100
0111001111000110
0101100000101111
0001110110001001
1111001100100100
1111101011100001
0010110101000001
0101111110010110
0110011100110000
0011110010010010
0000000110011100
1110010110011110
1111111001011011
0011011000010001
0101110101110010
0101001010011011
0001110100001110
1110011101111001
1101110010001101
0000001111001000
0011101101001100
0101001111000110
0011011101111001
1111110000100100
1101000100011000
1101100000110111
0000101000000011
0011101111001100
0100001011100011
0001011111001100
1101110001100101
1100000000000000
1101100001011111
0000111111000010
0011011011011000
0010101111000001
1111010111111101
1100000000111100
1011010100101100
1101110001001111
0001001111000011
0010110000111001
0000111111110000
1101010010101010
1010100110111000
1011000011111010
1110001011110010
0001010011110010
0001110001001010
1111000101111100
1011011001101001
1001101001100011
1011001100101000
1110101011111100
0001001010001011
0000011111110111
1101001010111111
1001110110010010
1001001100100001
1011101011101010
1111001100001100
0000110000111001
1111000010110000
1011011000110000
1000110000001100
1001010000100100
1100011011111010
1111100111011110
0000001000100010
1101100001000110
1001111000101011
1000001100100011
1001110011101101
1101010111001010
1111111001101001
1111010011101001
1100000011001010
1000110010111011
1000001101101100
1010110001011010
1110010110100111
0000000000000000
1110010110100111
1010110001011010
1000001101101100
1000110010111011
1100000011001010
1111010011101001
1111111001101001
1101010111001010
1001110011101101
1000001100100011
1001111000101011
1101100001000110
0000001000100010
1111100111011110
1100011011111010
1001010000100100
1000110000001100
1011011000110000
1111000010110000
0000110000111001
1111001100001100
1011101011101010
1001001100100001
1001110110010010
1101001010111111
0000011111110111
0001001010001011
1110101011111100
1011001100101000
1001101001100011
1011011001101001
1111000101111100
0001110001001010
0001010011110010
1110001011110010
1011000011111010
1010100110111000
1101010010101010
0000111111110000
0010110000111001
0001001111000011
1101110001001111
1011010100101100
1100000000111100
1111010111111101
0010101111000001
0011011011011000
0000111111000010
1101100001011111
1100000000000000
1101110001100101
0001011111001100
0100001011100011
0011101111001100
0000101000000011
1101100000110111
1101000100011000
1111110000100100
0011011101111001
0101001111000110
0011101101001100
0000001111001000
1101110010001101
1110011101111001
0001110100001110
0101001010011011
0101110101110010
0011011000010001
1111111001011011
1110010110011110
0000000110011100
0011110010010010
0110011100110000
0101111110010110
0010110101000001
1111101011100001
1111001100100100
0001110110001001
0101100000101111
0111001111000110
0101101010001100
0010001001000010
1111101000111000
0000010001001110
0011100100000110
0110110110101111
0111011110011010
0100111101001000
0001011010011001
1111110011011110
0001011111010111
0101000111000100
0111101101010011
0111001010100100
0011111100110110
0000101110111000
0000001011011001
0010110000011000
0110010110010101
0111111111111111
0110010110010101
0010110000011000
0000001011011001
0000101110111000
0011111100110110
0111001010100100
0111101101010011
0101000111000100
0001011111010111
1111110011011110
0001011010011001
0100111101001000
0111011110011010
0110110110101111
0011100100000110
0000010001001110
1111101000111000
0010001001000010
0101101010001100
0111001111000110
0101100000101111
0001110110001001
1111001100100100
1111101011100001
0010110101000001
0101111110010110
0110011100110000
0011110010010010
0000000110011100
1110010110011110
1111111001011011
0011011000010001
0101110101110010
0101001010011011
0001110100001110
1110011101111001
1101110010001101
0000001111001000
0011101101001100
0101001111000110
0011011101111001
1111110000100100
1101000100011000
1101100000110111
0000101000000011
0011101111001100
0100001011100011
0001011111001100
1101110001100101
1100000000000001
1101100001011111
0000111111000010
0011011011011000
0010101111000001
1111010111111101
1100000000111100
1011010100101100
1101110001001111
0001001111000011
0010110000111001
0000111111110000
1101010010101010
1010100110111000
1011000011111010
1110001011110010
0001010011110010
0001110001001010
1111000101111100
1011011001101001
1001101001100011
1011001100101000
1110101011111100
0001001010001011
0000011111110111
1101001010111111
1001110110010010
1001001100100001
1011101011101010
1111001100001100
0000110000111001
1111000010110000
1011011000110000
1000110000001100
1001010000100100
1100011011111010
1111100111011110
0000001000100010
1101100001000110
1001111000101011
1000001100100011
1001110011101101
1101010111001010
1111111001101001
1111010011101001
1100000011001010
1000110010111011
1000001101101100
1010110001011010
1110010110100111
0000000000000000
1110010110100111
1010110001011010
1000001101101100
1000110010111011
1100000011001010
1111010011101001
1111111001101001
1101010111001010
1001110011101101
1000001100100011
1001111000101011
1101100001000110
0000001000100010
1111100111011110
1100011011111010
1001010000100100
1000110000001100
1011011000110000
1111000010110000
0000110000111001
1111001100001100
1011101011101010
1001001100100001
1001110110010010
1101001010111111
0000011111110111
0001001010001011
1110101011111100
1011001100101000
1001101001100011
1011011001101001
1111000101111100
0001110001001010
0001010011110010
1110001011110010
1011000011111010
1010100110111000
1101010010101010
0000111111110000
0010110000111001
0001001111000011
1101110001001111
1011010100101100
1100000000111100
1111010111111101
0010101111000001
0011011011011000
0000111111000010
1101100001011111
1100000000000000
1101110001100101
0001011111001100
0100001011100011
0011101111001100
0000101000000011
1101100000110111
1101000100011000
1111110000100100
0011011101111001
0101001111000110
0011101101001100
0000001111001000
1101110010001101
1110011101111001
0001110100001110
0101001010011011
0101110101110010
0011011000010001
1111111001011011
1110010110011110
0000000110011100
0011110010010010
0110011100110000
0101111110010110
0010110101000001
1111101011100001
1111001100100100
0001110110001001
0101100000101111
0111001111000110
0101101010001100
0010001001000010
1111101000111000
0000010001001110
0011100100000110
0110110110101111
0111011110011010
0100111101001000
0001011010011001
1111110011011110
0001011111010111
0101000111000100
0111101101010011
0111001010100100
0011111100110110
0000101110111000
0000001011011001
0010110000011000
0110010110010101
0111111111111111
0110010110010101
0010110000011000
0000001011011001
0000101110111000
0011111100110110
0111001010100100
0111101101010011
0101000111000100
0001011111010111
1111110011011110
0001011010011001
0100111101001000
0111011110011010
0110110110101111
0011100100000110
0000010001001110
1111101000111000
0010001001000010
0101101010001100
0111001111000110
0101100000101111
0001110110001001
1111001100100100
1111101011100001
0010110101000001
0101111110010110
0110011100110000
0011110010010010
0000000110011100
1110010110011110
1111111001011011
0011011000010001
0101110101110010
0101001010011011
0001110100001110
1110011101111001
1101110010001101
0000001111001000
0011101101001100
0101001111000110
0011011101111001
1111110000100100
1101000100011000
1101100000110111
0000101000000011
0011101111001100
0100001011100011
0001011111001100
1101110001100101
1100000000000001
1101100001011111
0000111111000010
0011011011011000
0010101111000001
1111010111111101
1100000000111100
1011010100101100
1101110001001111
0001001111000011
0010110000111001
0000111111110000
1101010010101010
1010100110111000
1011000011111010
1110001011110010
0001010011110010
0001110001001010
1111000101111100
1011011001101001
1001101001100011
1011001100101000
1110101011111100
0001001010001011
0000011111110111
1101001010111111
1001110110010010
1001001100100001
1011101011101010
1111001100001100
0000110000111001
1111000010110000
1011011000110000
1000110000001100
1001010000100100
1100011011111010
1111100111011110
0000001000100010
1101100001000110
1001111000101011
1000001100100011
1001110011101101
1101010111001010
1111111001101001
1111010011101001
1100000011001010
1000110010111011
1000001101101100
1010110001011010
1110010110100111
0000000000000000
1110010110100111
1010110001011010
1000001101101100
1000110010111011
1100000011001010
1111010011101001
1111111001101001
1101010111001010
1001110011101101
1000001100100011
1001111000101011
1101100001000110
0000001000100010
1111100111011110
1100011011111010
1001010000100100
1000110000001100
1011011000110000
1111000010110000
0000110000111001
1111001100001100
1011101011101010
1001001100100001
1001110110010010
1101001010111111
0000011111110111
0001001010001011
1110101011111100
1011001100101000
1001101001100011
1011011001101001
1111000101111100
0001110001001010
0001010011110010
1110001011110010
1011000011111010
1010100110111000
1101010010101010
0000111111110000
0010110000111001
0001001111000011
1101110001001111
1011010100101100
1100000000111100
1111010111111101
0010101111000001
0011011011011000
0000111111000010
1101100001011111
1100000000000000
1101110001100101
0001011111001100
0100001011100011
0011101111001100
0000101000000011
1101100000110111
1101000100011000
1111110000100100
0011011101111001
0101001111000110
0011101101001100
0000001111001000
1101110010001101
1110011101111001
0001110100001110
0101001010011011
0101110101110010
0011011000010001
1111111001011011
1110010110011110
0000000110011100
0011110010010010
0110011100110000
0101111110010110
0010110101000001
1111101011100001
1111001100100100
0001110110001001
0101100000101111
0111001111000110
0101101010001100
0010001001000010
1111101000111000
0000010001001110
0011100100000110
0110110110101111
0111011110011010
0100111101001000
0001011010011001
1111110011011110
0001011111010111
0101000111000100
0111101101010011
0111001010100100
0011111100110110
0000101110111000
0000001011011001
0010110000011000
0110010110010101
;