0000000000000111
0000000000001011
1111111111110010
1111111111010011
1111111111011010
0000000000010110
0000000001010010
0000000001000111
1111111111101011
1111111110001110
1111111110010010
0000000000001001
0000000010001101
0000000010010111
0000000000001100
1111111101100001
1111111100111111
1111111111010111
0000000010101000
0000000011101010
0000000001001110
1111111101011000
1111111011110001
1111111110000111
0000000010011101
0000000100101111
0000000010100111
1111111101110111
1111111010111001
1111111100101001
0000000001101011
0000000101010110
0000000100000111
1111111110111011
1111111010100100
1111111011001101
0000000000011000
0000000101010111
0000000101011011
0000000000011001
1111111010111000
1111111010000100
1111111110110011
0000000100101111
0000000110010101
0000000010000010
1111111011110011
1111111001011011
1111111101001011
0000000011100100
0000000110101010
0000000011100100
1111111101001011
1111111001011100
1111111011110011
0000000010000010
0000000110010101
0000000100101111
1111111110110011
1111111010000100
1111111010111001
0000000000011001
0000000101011010
0000000101010110
0000000000011000
1111111011001110
1111111010100110
1111111110111011
0000000100000101
0000000101010100
0000000001101010
1111111100101010
1111111010111100
1111111101111001
0000000010100101
0000000100101011
0000000010011011
1111111110001001
1111111011110101
1111111101011011
0000000001001101
0000000011100101
0000000010100100
1111111111011000
1111111101000100
1111111101100110
0000000000001011
0000000010010001
0000000010000110
0000000000001001
1111111110011001
1111111110010110
1111111111101101
0000000001000000
0000000001001000
0000000000010011
1111111111100010
1111111111011110
1111111111110111
0000000000000100
1111111111111001
1111111111110101
0000000000001111
0000000000101111
0000000000100111
1111111111101001
1111111110101010
1111111110110110
0000000000010110
0000000001110111
0000000001110010
1111111111110110
1111111101101101
1111111101100010
1111111111110100
0000000010100110
0000000011001010
0000000000101011
1111111101010001
1111111100001100
1111111110101111
0000000010101111
0000000100011011
0000000001111110
1111111101011100
1111111011000101
1111111101010010
0000000010001110
0000000101010101
0000000011100000
1111111110010001
1111111010011011
1111111011101110
0000000001001000
0000000101101010
0000000101000000
1111111111100111
1111111010011011
1111111010010110
1111111111100110
0000000101010110
0000000110001101
0000000001010001
1111111011000100
1111111001011001
1111111101111000
0000000100011001
0000000110110111
0000000010111101
1111111100010010
1111111001000100
1111111100010010
0000000010111101
0000000110110110
0000000100011001
1111111101111001
1111111001011010
1111111011000100
0000000001010001
0000000110001100
0000000101010101
1111111111100110
1111111010010111
1111111010011011
1111111111100111
0000000100111111
0000000101101001
0000000001000111
1111111011101111
1111111010011101
1111111110010001
0000000011011111
0000000101010010
0000000010001101
1111111101010011
1111111011001000
1111111101011110
0000000001111100
0000000100010111
0000000010101100
1111111110110000
1111111100010001
1111111101010101
0000000000101010
0000000011000100
0000000010100000
1111111111110100
1111111101101001
1111111101110100
1111111111110111
0000000001101011
0000000001101111
0000000000010100
1111111110111101
1111111110110101
1111111111101100
0000000000100000
0000000000100011
0000000000001001
1111111111111100
0000000000000111
0000000000001011
1111111111110001
1111111111001111
1111111111010111
0000000000011000
0000000001011001
0000000001001101
1111111111101001
1111111110000100
1111111110001001
0000000000001010
0000000010011001
0000000010100101
0000000000001101
1111111101010011
1111111100101110
1111111111010011
0000000010110111
0000000011111111
0000000001010101
1111111101001010
1111111011011001
1111111101111101
0000000010101011
0000000101001001
0000000010110110
1111111101101011
1111111010011100
1111111100010110
0000000001110100
0000000101110100
0000000100011110
1111111110110101
1111111010000110
1111111010110001
0000000000011010
0000000101110101
0000000101111010
0000000000011011
1111111010011011
1111111001100010
1111111110101100
0000000101001010
0000000110111001
0000000010001110
1111111011011011
1111111000110110
1111111100111011
0000000011111000
0000000111010000
0000000011111000
1111111100111011
1111111000110110
1111111011011011
0000000010001101
0000000110111001
0000000101001010
1111111110101100
1111111001100010
1111111010011100
0000000000011011
0000000101111001
0000000101110100
0000000000011010
1111111010110010
1111111010000111
1111111110110101
0000000100011101
0000000101110011
0000000001110100
1111111100010111
1111111010011111
1111111101101100
0000000010110100
0000000101000110
0000000010101001
1111111101111110
1111111011011101
1111111101001100
0000000001010100
0000000011111010
0000000010110011
1111111111010100
1111111100110011
1111111101011000
0000000000001100
0000000010011110
0000000010010010
0000000000001010
1111111110010000
1111111110001100
1111111111101011
0000000001000110
0000000001001111
0000000000010101
1111111111011111
1111111111011011
1111111111110110
0000000000000100
1111111111111001
1111111111110100
0000000000010000
0000000000110100
0000000000101011
1111111111100111
1111111110100011
1111111110101111
0000000000011000
0000000010000010
0000000001111101
1111111111110101
1111111101100000
1111111101010100
1111111111110011
0000000010110101
0000000011011100
0000000000101111
1111111101000001
1111111011110110
1111111110100111
0000000010111111
0000000100110101
0000000010001001
1111111101001101
1111111010101000
1111111101000010
0000000010011011
0000000101110100
0000000011110101
1111111110000110
1111111001111011
1111111011010101
0000000001001110
0000000110001100
0000000101011110
1111111111100100
1111111001111010
1111111001110100
1111111111100011
0000000101110101
0000000110110001
0000000001011000
1111111010100111
1111111000110010
1111111101101100
0000000100110011
0000000111011111
0000000011001110
1111111011111100
1111111000011011
1111111011111100
0000000011001110
0000000111011111
0000000100110011
1111111101101100
1111111000110010
1111111010100111
0000000001011000
0000000110110001
0000000101110101
1111111111100011
1111111001110101
1111111001111010
1111111111100100
0000000101011101
0000000110001011
0000000001001110
1111111011010110
1111111001111100
1111111110000111
0000000011110100
0000000101110010
0000000010011010
1111111101000011
1111111010101010
1111111101001111
0000000010001000
0000000100110001
0000000010111100
1111111110101001
1111111011111010
1111111101000100
0000000000101110
0000000011010111
0000000010110000
1111111111110011
1111111101011010
1111111101100111
1111111111110110
0000000001110110
0000000001111001
0000000000010110
1111111110110111
1111111110101110
1111111111101010
0000000000100011
0000000000100111
0000000000001010
1111111111111100
0000000000001000
0000000000001101
1111111111101111
1111111111001010
1111111111010011
0000000000011010
0000000001100010
0000000001010101
1111111111100111
1111111101111000
1111111101111101
0000000000001011
0000000010101000
0000000010110100
0000000000001110
1111111101000011
1111111100011001
1111111111001111
0000000011001001
0000000100010111
0000000001011101
1111111100111000
1111111010111101
1111111101110000
0000000010111011
0000000101101001
0000000011000111
1111111101011101
1111111001111010
1111111011111111
0000000001111111
0000000110011000
0000000100111010
1111111110101110
1111111001100001
1111111010010001
0000000000011101
0000000110011001
0000000110011111
0000000000011110
1111111001111000
1111111000111010
1111111110100100
0000000101101010
0000000111100100
0000000010011011
1111111010111110
1111111000001001
1111111100101000
0000000100010001
0000000111111101
0000000100010001
1111111100101000
1111111000001001
1111111010111110
0000000010011011
0000000111100100
0000000101101010
1111111110100100
1111111000111010
1111111001111001
0000000000011110
0000000110011110
0000000110011001
0000000000011101
1111111010010001
1111111001100010
1111111110101110
0000000100111001
0000000110010111
0000000001111111
1111111100000000
1111111001111100
1111111101011110
0000000011000110
0000000101100111
0000000010111010
1111111101110001
1111111011000000
1111111100111010
0000000001011100
0000000100010011
0000000011000101
1111111111010000
1111111100011111
1111111101001000
0000000000001101
0000000010101110
0000000010100001
0000000000001011
1111111110000101
1111111110000001
1111111111101001
0000000001001101
0000000001010111
0000000000010111
1111111111011100
1111111111010111
1111111111110110
0000000000000100
1111111111111000
1111111111110011
0000000000010001
0000000000111001
0000000000101111
1111111111100100
1111111110011001
1111111110100111
0000000000011010
0000000010001111
0000000010001001
1111111111110100
1111111101010000
1111111101000011
1111111111110001
0000000011000111
0000000011110010
0000000000110100
1111111100101101
1111111011011011
1111111110011110
0000000011010010
0000000101010100
0000000010010111
1111111100111011
1111111010000101
1111111100101111
0000000010101011
0000000110011010
0000000100001110
1111111101111010
1111111001010011
1111111010110110
0000000001010110
0000000110110100
0000000110000010
1111111111100010
1111111001010010
1111111001001100
1111111111100000
0000000110011100
0000000111011110
0000000001100001
1111111010000011
1111111000000011
1111111101011101
0000000101010010
0000001000010000
0000000011100011
1111111011100001
1111110111101001
1111111011100001
0000000011100011
0000001000010000
0000000101010010
1111111101011101
1111111000000011
1111111010000011
0000000001100001
0000000111011110
0000000110011100
1111111111100000
1111111001001100
1111111001010010
1111111111100010
0000000110000010
0000000110110100
0000000001010110
1111111010110111
1111111001010100
1111111101111010
0000000100001101
0000000110011000
0000000010101011
1111111100110000
1111111010000111
1111111100111100
0000000010010110
0000000101010001
0000000011010000
1111111110011111
1111111011011111
1111111100110001
0000000000110011
0000000011101101
0000000011000010
1111111111110010
1111111101001001
1111111101010111
1111111111110101
0000000010000010
0000000010000110
0000000000011000
1111111110101111
1111111110100101
1111111111101000
0000000000100110
0000000000101011
0000000000001011
1111111111111011
0000000000001001
0000000000001110
1111111111101110
1111111111000100
1111111111001111
0000000000011101
0000000001101100
0000000001011110
1111111111100101
1111111101101001
1111111101101111
0000000000001100
0000000010111001
0000000011000111
0000000000001111
1111111100101110
1111111100000001
1111111111001010
0000000011011110
0000000100110101
0000000001100111
1111111100100011
1111111010011010
1111111101100001
0000000011001111
0000000110010000
0000000011011101
1111111101001100
1111111001010000
1111111011100100
0000000010001101
0000000111000100
0000000101011011
1111111110100101
1111111000110101
1111111001101010
0000000000100000
0000000111000101
0000000111001011
0000000000100001
1111111001001110
1111111000001001
1111111110011010
0000000110010001
0000001000011000
0000000010101100
1111111010011011
1111110111010011
1111111100010000
0000000100101110
0000001000110100
0000000100101110
1111111100010000
1111110111010011
1111111010011011
0000000010101100
0000001000011001
0000000110010001
1111111110011010
1111111000001000
1111111001001110
0000000000100001
0000000111001100
0000000111000110
0000000000100000
1111111001101001
1111111000110101
1111111110100101
0000000101011011
0000000111000100
0000000010001101
1111111011100100
1111111001010001
1111111101001100
0000000011011100
0000000110001110
0000000011001110
1111111101100010
1111111010011101
1111111100100101
0000000001100110
0000000100110001
0000000011011011
1111111111001011
1111111100000110
1111111100110011
0000000000001111
0000000011000001
0000000010110010
0000000000001100
1111111101110111
1111111101110010
1111111111100111
0000000001010101
0000000001100000
0000000000011001
1111111111011000
1111111111010011
1111111111110100
0000000000000101
1111111111110111
1111111111110001
0000000000010011
0000000000111111
0000000000110100
1111111111100001
1111111110001110
1111111110011101
0000000000011101
0000000010011111
0000000010011001
1111111111110011
1111111100111100
1111111100101101
1111111111110000
0000000011011101
0000000100001101
0000000000111001
1111111100010110
1111111010111010
1111111110010011
0000000011101010
0000000101111010
0000000010101000
1111111100100101
1111111001011010
1111111100010111
0000000010111111
0000000111001000
0000000100101100
1111111101101011
1111111000100011
1111111010010001
0000000001100000
0000000111100101
0000000110101101
1111111111011110
1111111000100001
1111111000011011
1111111111011101
0000000111001010
0000001000010100
0000000001101100
1111111001011000
1111110111001001
1111111101001010
0000000101111001
0000001001001101
0000000011111101
1111111011000001
1111110110101100
1111111011000001
0000000011111101
0000001001001101
0000000101111001
1111111101001010
1111110111001001
1111111001011000
0000000001101100
0000001000010101
0000000111001011
1111111111011101
1111111000011010
1111111000100000
1111111111011110
0000000110101110
0000000111100110
0000000001100000
1111111010010001
1111111000100010
1111111101101011
0000000100101100
0000000111001000
0000000010111110
1111111100010111
1111111001011011
1111111100100110
0000000010100111
0000000101111000
0000000011101000
1111111110010100
1111111010111101
1111111100011001
0000000000111000
0000000100001001
0000000011011001
1111111111110000
1111111100110100
1111111101000011
1111111111110100
0000000010010001
0000000010010110
0000000000011011
1111111110100110
1111111110011010
1111111111100101
0000000000101011
0000000000110000
0000000000001100
1111111111111011
0000000000001010
0000000000010000
1111111111101011
1111111110111101
1111111111001001
0000000000100001
0000000001111001
0000000001101001
1111111111100010
1111111101010111
1111111101011110
0000000000001110
0000000011001111
0000000011011111
0000000000010001
1111111100010110
1111111011100011
1111111111000011
0000000011111000
0000000101011010
0000000001110011
1111111100001000
1111111001101111
1111111101001110
0000000011101000
0000000110111111
0000000011110111
1111111100110110
1111111000011101
1111111011000010
0000000010011110
0000000111111010
0000000110000101
1111111110011010
1111110111111101
1111111000111001
0000000000100100
0000000111111100
0000001000000011
0000000000100101
1111111000011010
1111110111001100
1111111110001101
0000000111000001
0000001001011001
0000000011000001
1111111001110000
1111110110010000
1111111011110011
0000000101010011
0000001001111000
0000000101010011
1111111011110011
1111110110001111
1111111001110000
0000000011000001
0000001001011010
0000000111000010
1111111110001101
1111110111001011
1111111000011001
0000000000100101
0000001000000100
0000000111111101
0000000000100100
1111111000111000
1111110111111100
1111111110011010
0000000110000110
0000000111111011
0000000010011110
1111111011000001
1111111000011101
1111111100110110
0000000011110111
0000000110111111
0000000011101000
1111111101001110
1111111001110001
1111111100001010
0000000001110010
0000000101010111
0000000011110110
1111111111000100
1111111011100111
1111111100011010
0000000000010001
0000000011011001
0000000011001000
0000000000001101
1111111101100110
1111111101100001
1111111111100100
0000000001100000
0000000001101100
0000000000011100
1111111111010011
1111111111001101
1111111111110011
0000000000000101
1111111111110110
1111111111110000
0000000000010110
0000000001000111
0000000000111011
1111111111011101
1111111101111111
1111111110010001
0000000000100000
0000000010110011
0000000010101100
1111111111110001
1111111100100100
1111111100010011
1111111111101110
0000000011111001
0000000100101111
0000000001000001
1111111011111000
1111111010010000
1111111110000101
0000000100000111
0000000110101010
0000000010111110
1111111100001001
1111111000100100
1111111011111001
0000000011010111
0000001000000010
0000000101010011
1111111101011000
1111110111100110
1111111001100010
0000000001101100
0000001000100011
0000000111100100
1111111111011010
1111110111100100
1111110111011100
1111111111011000
0000001000000101
0000001001011000
0000000001111010
1111111000100010
1111110110000000
1111111100110011
0000000110101001
0000001010011000
0000000100011110
1111111010011000
1111110101011111
1111111010010111
0000000100011110
0000001010011001
0000000110101010
1111111100110010
1111110101111111
1111111000100001
0000000001111010
0000001001011010
0000001000000111
1111111111011000
1111110111011011
1111110111100010
1111111111011010
0000000111100110
0000001000100101
0000000001101101
1111111001100001
1111110111100100
1111111101010111
0000000101010011
0000001000000011
0000000011010111
1111111011111001
1111111000100100
1111111100001001
0000000010111101
0000000110101001
0000000100000111
1111111110000110
1111111010010011
1111111011111010
0000000001000000
0000000100101011
0000000011110101
1111111111101110
1111111100011001
1111111100101010
1111111111110010
0000000010100100
0000000010101010
0000000000011110
1111111110011010
1111111110001101
1111111111100010
0000000000110001
0000000000110110
0000000000001110
1111111111111010
0000000000001011
0000000000010010
1111111111101001
1111111110110100
1111111111000001
0000000000100101
0000000010001001
0000000001110111
1111111111011101
1111111101000001
1111111101001000
0000000000010000
0000000011101011
0000000011111101
0000000000010011
1111111011110110
1111111010111100
1111111110111011
0000000100011010
0000000110001000
0000000010000011
1111111011100111
1111111000111001
1111111100110110
0000000100001000
0000000111111100
0000000100011001
1111111100011011
1111110111011011
1111111010010110
0000000010110011
0000001000111111
0000000110111010
1111111110001100
1111110110110111
1111110111111011
0000000000101001
0000001001000001
0000001001001001
0000000000101010
1111110111010111
1111110101111111
1111111101111110
0000000111111111
0000001010101100
0000000011011011
1111111000111001
1111110100111010
1111111011001110
0000000110000001
0000001011010000
0000000110000001
1111111011001110
1111110100111001
1111111000111001
0000000011011100
0000001010101101
0000001000000001
1111111101111101
1111110101111101
1111110111010101
0000000000101011
0000001001001011
0000001001000100
0000000000101001
1111110111111000
1111110110110100
1111111110001100
0000000110111100
0000001001000010
0000000010110100
1111111010010101
1111110111011001
1111111100011010
0000000100011010
0000000111111110
0000000100001000
1111111100110101
1111111000111001
1111111011100111
0000000010000011
0000000110000111
0000000100011000
1111111110111100
1111111010111111
1111111011111010
0000000000010011
0000000011111000
0000000011100101
0000000000001111
1111111101010000
1111111101001010
1111111111100000
0000000001101110
0000000001111100
0000000000100000
1111111111001100
1111111111000110
1111111111110001
0000000000000110
1111111111110100
1111111111101101
0000000000011001
0000000001010001
0000000001000011
1111111111011000
1111111101101101
1111111110000001
0000000000100101
0000000011001101
0000000011000101
1111111111101111
1111111100000100
1111111011110001
1111111111101011
0000000100011101
0000000101011011
0000000001001010
1111111011010010
1111111001011011
1111111101110100
0000000100101110
0000000111101000
0000000011011001
1111111011100101
1111110111011111
1111111011010011
0000000011110110
0000001001001101
0000000110000100
1111111100111111
1111110110010111
1111111000100110
0000000001111100
0000001001110100
0000001000101011
1111111111010100
1111110110010100
1111110110001100
1111111111010010
0000001001010001
0000001010110001
0000000010001100
1111110111011011
1111110100100010
1111111100010100
0000000111101000
0000001011111011
0000000101001000
1111111001100010
1111110011111011
1111111001100010
0000000101001001
0000001011111100
0000000111101001
1111111100010100
1111110100100000
1111110111011001
0000000010001101
0000001010110011
0000001001010100
1111111111010010
1111110110001001
1111110110010001
1111111111010100
0000001000101111
0000001001111000
0000000001111101
1111111000100011
1111110110010011
1111111100111110
0000000110000111
0000001001010001
0000000011111000
1111111011010001
1111110111011100
1111111011100100
0000000011011010
0000000111101010
0000000100101110
1111111101110100
1111111001011011
1111111011010010
0000000001001010
0000000101011001
0000000100011010
1111111111101011
1111111011110101
1111111100001010
1111111111110000
0000000010111101
0000000011000100
0000000000100011
1111111110001010
1111111101111011
1111111111011101
0000000000111000
0000000000111110
0000000000010000
1111111111111001
0000000000001101
0000000000010100
1111111111100101
1111111110101000
1111111110111000
0000000000101011
0000000010011110
0000000010001001
1111111111011000
1111111100100011
1111111100101100
0000000000010010
0000000100010000
0000000100100100
0000000000010110
1111111011001101
1111111010001010
1111111110110000
0000000101000110
0000000111000110
0000000010010111
1111111010111011
1111110111110010
1111111100010110
0000000100110001
0000001001001100
0000000101000101
1111111011110111
1111110110000101
1111111001011110
0000000011010000
0000001010011010
0000000111111111
1111111101111010
1111110101011011
1111110110101001
0000000000101111
0000001010011101
0000001010100110
0000000000110001
1111110110000000
1111110100011001
1111111101101001
0000001001010001
0000001100011001
0000000011111110
1111110111110001
1111110011001000
1111111010011110
0000000110111111
0000001101000011
0000000110111111
1111111010011101
1111110011000111
1111110111110000
0000000011111111
0000001100011100
0000001001010011
1111111101101000
1111110100010101
1111110101111100
0000000000110001
0000001010101010
0000001010100010
0000000000110000
1111110110100100
1111110101010101
1111111101111001
0000001000000100
0000001010100000
0000000011010010
1111111001011010
1111110101111111
1111111011110100
0000000101001000
0000001001010001
0000000100110011
1111111100010100
1111110111101110
1111111010111001
0000000010011000
0000000111000111
0000000101000110
1111111110110000
1111111010001011
1111111011001110
0000000000010110
0000000100100000
0000000100001011
0000000000010010
1111111100110011
1111111100101100
1111111111011010
0000000010000000
0000000010010000
0000000000100110
1111111111000011
1111111110111100
1111111111101111
0000000000000111
1111111111110010
1111111111101010
0000000000011101
0000000001011111
0000000001001110
1111111111010010
1111111101010100
1111111101101011
0000000000101011
0000000011110000
0000000011100110
1111111111101101
1111111011011001
1111111011000011
1111111111101000
0000000101001101
0000000110010110
0000000001010110
1111111010011111
1111111000010100
1111111101011100
0000000101100001
0000001000111011
0000000011111110
1111111010110101
1111110110000010
1111111010100000
0000000100100000
0000001010110001
0000000111000110
1111111100011111
1111110100101101
1111110111010101
0000000010010010
0000001011011111
0000001010001011
1111111111001101
1111110100101010
1111110100100000
1111111111001011
0000001010111000
0000001100100111
0000000010100100
1111110101111100
1111110010100011
1111111011101100
0000001000111101
0000001101111111
0000000110000001
1111111000011010
1111110001110101
1111111000011010
0000000110000010
0000001110000001
0000001000111111
1111111011101011
1111110010011111
1111110101111001
0000000010100101
0000001100101101
0000001010111101
1111111111001010
1111110100011010
1111110100100011
1111111111001100
0000001010010001
0000001011100111
0000000010010011
1111110111001110
1111110100100101
1111111100011100
0000000111001100
0000001010111010
0000000100100100
1111111010011011
1111110101111010
1111111010110001
0000000100000001
0000001001000001
0000000101100100
1111111101011010
1111111000010000
1111111010011100
0000000001010111
0000000110010111
0000000101001101
1111111111101000
1111111011000110
1111111011011101
1111111111101101
0000000011100000
0000000011100111
0000000000101001
1111111101110101
1111111101100011
1111111111010111
0000000001000010
0000000001001010
0000000000010011
1111111111111000
0000000000001111
0000000000011000
1111111111100000
1111111110011000
1111111110101010
0000000000110011
0000000010111011
0000000010100010
1111111111010001
1111111011111011
1111111100000101
0000000000010101
0000000101000010
0000000101011010
0000000000011011
1111111010010100
1111111001000101
1111111110100010
0000000110000010
0000001000011010
0000000010110011
1111111001111111
1111110110010000
1111111011101010
0000000101101010
0000001010111001
0000000110000001
1111111011000101
1111110100001110
1111111000001111
0000000011110111
0000001100010110
0000001001011111
1111111101100001
1111110011011100
1111110100111000
0000000000111000
0000001100011011
0000001100100101
0000000000111010
1111110100000111
1111110010001100
1111111101001100
0000001011000001
0000001110101111
0000000100101111
1111110110001101
1111110000101100
1111111001011010
0000001000010100
0000001111100010
0000001000010100
1111111001011001
1111110000101001
1111110110001010
0000000100110000
0000001110110100
0000001011000101
1111111101001011
1111110010000101
1111110100000000
0000000000111011
0000001100101110
0000001100100100
0000000000111001
1111110100101111
1111110011010001
1111111101011111
0000001001101000
0000001100100010
0000000011111010
1111111000000111
1111110100000010
1111111011000000
0000000110000111
0000001011000101
0000000101110000
1111111011100110
1111110110000111
1111111001111001
0000000010110110
0000001000100001
0000000110000110
1111111110100001
1111111001000001
1111111010010010
0000000000011011
0000000101011001
0000000100111111
0000000000010101
1111111100001010
1111111100000010
1111111111010011
0000000010011001
0000000010101101
0000000000101101
1111111110110111
1111111110101111
1111111111101011
0000000000001001
1111111111110000
1111111111100110
0000000000100011
0000000001110010
0000000001011110
1111111111001000
1111111100110010
1111111101001101
0000000000110100
0000000100100000
0000000100010100
1111111111101001
1111111010011110
1111111010000011
1111111111100011
0000000110010001
0000000111101001
0000000001101000
1111111001010111
1111110110110000
1111111100111010
0000000110101001
0000001010110000
0000000100110010
1111111001110001
1111110011111111
1111111001010111
0000000101011011
0000001100111111
0000001000100100
1111111011110000
1111110010011000
1111110101100010
0000000010110000
0000001101111000
0000001100010010
1111111111000010
1111110010010011
1111110010000111
1111111110111111
0000001101001001
0000001111010000
0000000011000110
1111110011110110
1111101111101110
1111111010110010
0000001010110101
0000010000111011
0000000111010010
1111110110110100
1111101110110110
1111110110110011
0000000111010011
0000010000111111
0000001010111000
1111111010110000
1111101111100111
1111110011110000
0000000011001000
0000001111011010
0000001101010010
1111111110111111
1111110001111011
1111110010000110
1111111111000001
0000001100011110
0000001110000110
0000000010110011
1111110101010110
1111110010001000
1111111011101011
0000001000101111
0000001101010000
0000000101100011
1111111001001110
1111110011101111
1111111001101001
0000000100111001
0000001010111110
0000000110110010
1111111100110110
1111110110100100
1111111001001111
0000000001101010
0000000111110000
0000000110010110
1111111111100010
1111111010000001
1111111010011110
1111111111101001
0000000100010001
0000000100011010
0000000000110010
1111111101010110
1111111101000000
1111111111001110
0000000001010001
0000000001011010
0000000000010111
1111111111110110
0000000000010010
0000000000011101
1111111111011001
1111111110000001
1111111110010111
0000000000111110
0000000011100101
0000000011000111
1111111111000110
1111111011000000
1111111011001101
0000000000011010
0000000110001010
0000000110101000
0000000000100001
1111111001000010
1111110111100000
1111111110001100
0000000111011010
0000001010010100
0000000011011100
1111111000100111
1111110100000010
1111111010101011
0000000110111100
0000001101011001
0000000111011001
1111111001111101
1111110001100001
1111110110011101
0000000100101111
0000001111001100
0000001011101011
1111111100111100
1111110000100010
1111110010010011
0000000001000101
0000001111010011
0000001111100000
0000000001001000
1111110001010110
1111101110111110
1111111100100010
0000001101100101
0000010010001011
0000000101110101
1111110011111010
1111101101000110
1111110111110111
0000001010010001
0000010011001100
0000001010010010
1111110111110110
1111101101000001
1111110011110101
0000000101111000
0000010010010101
0000001101101110
1111111100100000
1111101110110001
1111110001001001
0000000001001001
0000001111110000
0000001111100100
0000000001000110
1111110010000010
1111110000001101
1111111100111000
0000001011111100
0000001111100011
0000000100110111
1111110110001110
1111110001001001
1111111001110011
0000000111100110
0000001101110000
0000000111001001
1111111010100001
1111110011101100
1111111000011001
0000000011100010
0000001010100110
0000000111100110
1111111110001001
1111110111010100
1111111000111000
0000000000100001
0000000110101111
0000000110001110
0000000000011010
1111111011001101
1111111011000011
1111111111000111
0000000010111111
0000000011011000
0000000000111000
1111111110100101
1111111110011011
1111111111100110
0000000000001011
1111111111101100
1111111111011111
0000000000101100
0000000010001111
0000000001110110
1111111110111010
1111111011111110
1111111100100000
0000000001000001
0000000101101001
0000000101011010
1111111111100011
1111111001000100
1111111000100010
1111111111011011
0000000111110111
0000001001100101
0000000010000011
1111110111101010
1111110100011000
1111111100001000
0000001000010110
0000001101100000
0000000110000001
1111111000001010
1111110000111001
1111110111101010
0000000110110101
0000010000010111
0000001010110010
1111111010101001
1111101110110101
1111110010110011
0000000011011101
0000010001100000
0000001111011111
1111111110110010
1111101110101101
1111101110011101
1111111110101111
0000010000100110
0000010011010001
0000000011111011
1111110000101000
1111101011011011
1111111001011001
0000001101101101
0000010101011011
0000001001001110
1111110100010111
1111101010010001
1111110100010110
0000001001010000
0000010101100010
0000001101110011
1111111001010110
1111101011001101
1111110000011100
0000000011111110
0000010011100100
0000010000111000
1111111110101101
1111101110000111
1111101110010101
1111111110110000
0000001111110111
0000010001111100
0000000011100100
1111110010011011
1111101110010101
1111111010011111
0000001011001000
0000010000111010
0000000111000100
1111110111010111
1111110000010110
1111110111111000
0000000110001111
0000001110000001
0000001000101010
1111111011111110
1111110011111100
1111110111010110
0000000010000111
0000001001111010
0000001000001000
1111111111011010
1111111000010101
1111111000111010
1111111111100010
0000000101011110
0000000101101001
0000000001000000
1111111100100110
1111111100001010
1111111111000000
0000000001101000
0000000001110100
0000000000011110
1111111111110011
0000000000010111
0000000000100110
1111111111001110
1111111101011101
1111111101111001
0000000001010000
0000000100100111
0000000100000000
1111111110110101
1111111001100011
1111111001110100
0000000000100010
0000000111111101
0000001000100100
0000000000101010
1111110110111111
1111110101000001
1111111101101010
0000001001100101
0000001101010110
0000000100011101
1111110110011011
1111110000100000
1111111001000110
0000001001000000
0000010001010111
0000001001100110
1111111000001010
1111101101001101
1111110011100111
0000000110001010
0000010011101111
0000001111001011
1111111100000001
1111101011111000
1111101110001100
0000000001011010
0000010011111011
0000010100001101
0000000001011110
1111101100111001
1111101001110011
1111111011011111
0000010001101110
0000010111101110
0000000111101000
1111110000001101
1111100111010011
1111110101010111
0000001101011011
0000011001000110
0000001101011101
1111110101010100
1111100111001001
1111110000000100
0000000111101101
0000011000000001
0000010001111111
1111111011011010
1111101001011001
1111101100100000
0000000001100000
0000010100101101
0000010100011101
0000000001011101
1111101101101001
1111101011001110
1111111011111001
0000001111101110
0000010100011111
0000000110011001
1111110011000110
1111101100011010
1111110111110100
0000001010000010
0000010010001010
0000001001011011
1111111000110001
1111101111101111
1111110101111101
0000000100101011
0000001110000001
0000001010000011
1111111101100011
1111110100011111
1111110110100100
0000000000101100
0000001000111011
0000001000010000
0000000000100011
1111111001101001
1111111001011011
1111111110110101
0000000011111110
0000000100011111
0000000001001011
1111111110000111
1111111101111001
1111111111011101
0000000000001111
1111111111100101
1111111111010100
0000000000111010
0000000010111110
0000000010011101
1111111110100011
1111111010100111
1111111011010100
0000000001010111
0000000111100011
0000000111010000
1111111111011001
1111110110101101
1111110101111111
1111111111001111
0000001010100100
0000001100110111
0000000010101111
1111110100110010
1111110000010111
1111111010110010
0000001011001111
0000010010001100
0000001000000110
1111110101011100
1111101011101000
1111110100101111
0000001001001110
0000010110000101
0000001110100100
1111111000110001
1111101000110011
1111101110001010
0000000100101100
0000010111101100
0000010100111110
1111111110010110
1111101000100011
1111101000001101
1111111110010001
0000010110100010
0000011010001011
0000000101010101
1111101011000110
1111100100000000
1111110111000001
0000010010101010
0000011101001011
0000001100100100
1111110000001001
1111100010010110
1111110000000110
0000001100101001
0000011101011010
0000010010110111
1111110110111001
1111100011100100
1111101010101101
0000000101011100
0000011010110011
0000010111001000
1111111110001110
1111100111011101
1111100111101111
1111111110010010
0000010101110011
0000011000101011
0000000100111001
1111101101010100
1111100111101010
1111111000011001
0000001111010110
0000010111010100
0000001001110000
1111110100000100
1111101010011000
1111110100110001
0000001000101000
0000010011011001
0000001011111111
1111111010011011
1111101111010010
1111110100000000
0000000010111011
0000001101110000
0000001011010010
1111111111001100
1111110101010101
1111110110001000
1111111111010110
0000000111100111
0000000111110111
0000000001011010
1111111011010000
1111111010101000
1111111110100110
0000000010010001
0000000010100010
0000000000101010
1111111111101110
0000000000100001
0000000000110101
1111111110111010
1111111100011011
1111111101000011
0000000001110000
0000000110011111
0000000101101000
1111111110010111
1111110110111011
1111110111010010
0000000000101111
0000001011001110
0000001100000101
0000000000111011
1111110011010001
1111110000011110
1111111100101100
0000001101100011
0000010010111001
0000000110010100
1111110010011011
1111101010000001
1111110110001101
0000001100110010
0000011000101011
0000001101101001
1111110100110101
1111100101001111
1111101110010110
0000001000110010
0000011100001010
0000010101101011
1111111010010100
1111100011001111
1111100110100001
0000000010000001
0000011100100010
0000011100111101
0000000010000111
1111100100100101
1111100000001000
1111111001100001
0000011001011111
0000100010001001
0000001010111110
1111101001001111
1111011100011000
1111110000101001
0000010011011000
0000100100010000
0000010011011101
1111110000100011
1111011100000000
1111101000111010
0000001011001010
0000100010110111
0000011010000111
1111111001010101
1111011111001000
1111100011101000
0000000010001100
0000011110001010
0000011101110100
0000000010000111
1111100101001100
1111100001101001
1111111001111111
0000010111000001
0000011110000000
0000001001011000
1111101101000101
1111100011001111
1111110011111110
0000001110101111
0000011010101110
0000001101111000
1111110101010101
1111101000000001
1111110001001011
0000000110111010
0000010100101101
0000001110111000
1111111100010111
1111101110111100
1111110010000000
0000000001000001
0000001101010000
0000001100010001
0000000000110100
1111110110100010
1111110110001110
1111111110010000
0000000101111011
0000000110101100
0000000001110000
1111111101001011
1111111100110110
1111111111001100
0000000000010110
1111111111010111
1111111110111110
0000000001011000
0000000100011110
0000000011101101
1111111101110100
1111110111110111
1111111000111100
0000000010000100
0000001011011010
0000001010111110
1111111111000100
1111110001111001
1111110000110011
1111111110110101
0000010000000011
0000010011100101
0000000100001011
1111101110111010
1111101000001001
1111111000000010
0000010001001010
0000011011110100
0000001100011010
1111101111110100
1111100000110000
1111101110101101
0000001110001011
0000100001111110
0000010110011011
1111110100110110
1111011100001101
1111100100011100
0000000111001111
0000100100101001
0000100000011111
1111111101011100
1111011011100110
1111011011000011
1111111101010100
0000100011000100
0000101000110001
0000001000010100
1111011111010111
1111010100010000
1111110001111100
0000011101001101
0000101101101111
0000010011101110
1111100111000110
1111010001011000
1111100110111110
0000010011111010
0000101110011000
0000011101110001
1111110001100110
1111010011000000
1111011110010001
0000001000101000
0000101010100010
0000100100110000
1111111101001011
1111011000111010
1111011001010100
1111111101010001
0000100010110101
0000100111011110
0000000111110101
1111100010000011
1111011000111011
1111110011110010
0000011000101100
0000100101100011
0000001111101110
1111101100101111
1111011101000011
1111101101110101
0000001101111110
0000011111011100
0000010011011110
1111110110111100
1111100100110011
1111101100011101
0000000100110010
0000010110011110
0000010010011100
1111111110101010
1111101110100001
1111101111110011
1111111110111100
0000001100100010
0000001100111110
0000000010010100
1111111000001001
1111110111000111
1111111101101011
0000000011110000
0000000100001100
0000000001000101
1111111111100011
0000000000110111
0000000001011000
1111111110001011
1111111010000001
1111111011000011
0000000010111100
0000001010111010
0000001001011111
1111111101001111
1111110000101010
1111110001010000
0000000001010000
0000010011000001
0000010100100001
0000000001100101
1111101010010100
1111100101100001
1111111010010111
0000010111001011
0000100000010111
0000001010110100
1111101000101011
1111011010001010
1111101111000111
0000010110000100
0000101010101001
0000010111100111
1111101100101001
1111010001100001
1111100001010010
0000001111010011
0000110001001001
0000100101111000
1111110110000011
1111001101100100
1111010011001111
0000000011100011
0000110010010001
0000110011000110
0000000011101110
1111001111011100
1111000111011101
1111110100011110
0000101101010111
0000111100110111
0000010011100110
1111010111010001
1111000000001010
1111100100011100
0000100010110111
0001000001010100
0000100011000111
1111100100000011
1110111110110011
1111010110000111
0000010100010011
0000111111011111
0000101111101001
1111110011110011
1111000011110010
1111001011111011
0000000100000001
0000110111100100
0000110111000010
0000000011111010
1111001110010100
1111000111101000
1111110100110011
0000101010111001
0000111000000010
0000010001100011
1111011100100001
1111001001111101
1111101001010110
0000011011110100
0000110010100001
0000011010010011
1111101011110000
1111010010010111
1111100011101110
0000001101001100
0000100111101011
0000011100100011
1111111001000001
1111011111000110
1111100100111101
0000000001111110
0000011001101110
0000010111111000
0000000001100101
1111101101100000
1111101100110101
1111111100100100
0000001011101011
0000001101001101
0000000011011110
1111111010011001
1111111001101111
1111111110011000
0000000000101100
1111111110101110
1111111101111011
0000000010110000
0000001001000010
0000000111011111
1111111011100011
1111101111011101
1111110001100110
0000000100001101
0000010111011001
0000010110100010
1111111110000101
1111100010110110
1111100000011111
1111111101100101
0000100001011100
0000101000111011
0000001000110000
1111011100000100
1111001101101110
1111101111001010
0000100100011001
0000111011001010
0000011010011101
1111011101011000
1110111100111100
1111011010110001
0000011110100110
0001001001100101
0000110000101110
1111100111101100
1110110001101101
1111000011100010
0000001111111100
0001010000111011
0001000111111111
1111111010010011
1110101110110011
1110101101010010
1111111001111110
0001001111000001
0001011100001110
0000010010110111
1110110101101010
1110011100000000
1111011111101111
0001000011010001
0001101001101101
0000101101110000
1111000101111111
1110010011000000
1111000101010001
0000101110111010
0001101101101101
0001000110101100
1111011101101011
1110010100010010
1110101110111100
0000010100110100
0001100111000101
0001011001011011
1111111001000110
1110100000000011
1110100000101001
1111111001001110
0001010110101001
0001100010100110
0000010011101010
1110110100011111
1110011101000010
1111100000111010
0000111111000110
0001100000011100
0000101000100101
1111001110000010
1110100100111010
1111010000011010
0000100100110010
0001010011001101
0000110011110001
1111100111110001
1110110110110111
1111001011001011
0000001100111111
0000111101011001
0000110010101010
1111111100010011
1111001111011011
1111010010101110
1111111101000000
0000100011011010
0000100100110111
0000000110101000
1111101001011000
1111100110010010
1111111001001101
0000001011000001
0000001100011000
0000000011001110
1111111110101001
0000000010100101
0000000100001011
1111111010011011
1111101101100111
1111110000101011
0000001001001010
0000100010001111
0000011101111111
1111110111001100
1111001110110001
1111010000010010
0000000100000110
0000111110011110
0001000011111100
0000000101010001
1110110110111111
1110100110000110
1111101100101010
0001010000000010
0001110000110000
0000100110000010
1110101101010000
1101111000100000
1111000010111101
0001010000100000
0010011101000110
0001010111111000
1110110111001110
1101001111100001
1110001010001010
0000111011010010
0011000000100111
0010010110000101
1111011000000111
1100110011100011
1101001000011011
0000001110101100
0011010011000111
0011011001001111
0000010000000000
1100101100001101
1100000110001010
1111001100010111
0011001101111010
0100011000001100
0001011011011111
1100111111000000
1011001100111110
1101111001011010
0010101100111010
0101001001001101
0010110011110111
1101101110010111
1010100110011000
1100011101111101
0001101111011111
0101100011010110
0100001111110100
1110111001000001
1010011010011001
1011000100001101
0000011000110111
0101011111110111
0101100100100111
0000011001111001
1010101110010000
1001110111000110
1110101111111000
0100111011001111
0110100111011100
0010001000100001
1011100011100010
1001000000111010
1100111110010101
0011110101111011
0111001110111011
0011111010000110
1100110111101101
1000101001110010
1011001111101111
0010010100100000
0111010100011110
0101100010101110
1110100100010011
1000110110100011
1001101111111101
0000011111001100
0110110101001111
0110110110111111
0000011111100100
1001100111111010
1000101001100110
1110100000111100
0101110010101001
0111101101011101
0010011101101100
1010111010010011
1000000100100011
1100100110000101
0100010010010101
0111111111111111
0100010010010000
1100100110001110
1000000101000100
1010111010101110
0010011101011100
0111101100011111
0101110001110011
1110100001001101
1000101010111111
1001101001010000
0000011111011101
0110110101001111
0110110011010110
0000011111000011
1001110001111101
1000111000111111
1110100100110101
0101100000100101
0111010001011111
0010010011100000
1011010001111001
1000101101010010
1100111001010001
0011111000000011
0111001010111110
0011110011101111
1101000000001000
1001000101001111
1011100110011001
0010000111000110
0110100010110110
0100110111101100
1110110000110100
1001111011110101
1010110010011110
0000011001100011
0101011111110111
0101011011000000
0000011000100001
1011001000110101
1010011111110100
1110111010001000
0100001011011100
0101011101011101
0001101101100101
1100100001111100
1010101100101001
1101110001000101
0010110000011001
0101000010101100
0010101001011000
1101111100001111
1011010011100110
1101000011010010
0001011001011001
0100010001100110
0011001000111010
1111001101101001
1100001100100101
1100110001110100
0000001111100100
0011010011000111
0011001100111111
0000001110010000
1101001110000110
1100111010000100
1111011001011011
0010010000111101
0010111001110101
0000111001001000
1110001110100111
1101010110011010
1110111010001011
0001010100001011
0010010110001110
0001001100110101
1111000101110110
1101111111001110
1110110001100011
0000100011111110
0001101010010110
0001001011010000
1111101101111000
1110101100000110
1110111100001010
0000000100111000
0000111110011110
0000111001000011
0000000011101101
1111010101001010
1111010100010011
1111111000010011
0000011001110001
0000011100101110
0000000111011100
1111110100001100
1111110010111111
1111111100101100
0000000001011000
1111111101011101
1111111011111101
0000000101010100
0000010001001001
0000001110000000
1111110111110011
1111100001111100
1111100110001101
0000000111011011
0000101000101100
0000100110101010
1111111100110000
1111001111011011
1111001100001110
1111111100000100
0000110101011011
0001000000011100
0000001101100101
1111001000111101
1110110100000011
1111100110111010
0000110101011101
0001010101101110
0000100101110100
1111001111001100
1110100010110000
1111001100111100
0000101001011001
0001100010001101
0001000000001010
1111100000011011
1110011011101011
1110110011100011
0000010011111000
0001100011100100
0001010111011001
1111111001001011
1110100000000011
1110011111100011
1111111001000100
0001011001101101
0001100111010011
0000010100110110
1110101110111011
1110010100011001
1111011101101111
0001000110011111
0001101101010010
0000101110101011
1111000101100110
1110010011101110
1111000110011011
0000101101010111
0001101000101101
0001000010100100
1111100000000110
1110011101001111
1110110110101010
0000010010100101
0001011010110011
0001001101101110
1111111010000101
1110101110110011
1110110000011001
1111111010011010
0001000110011010
0001001111000011
0000001111100011
1111000101000100
1110110011110100
1111101000011000
0000101111010010
0001000111010010
0000011101100101
1111011100000100
1110111111011000
1111011110101101
0000011001011001
0000111000101001
0000100010110000
1111101111111101
1111010000010000
1111011101111111
0000001000010000
0000100110011100
0000011111010001
1111111101101111
1111100010110110
1111100101001110
1111111110010000
0000010100010110
0000010100111000
0000000011101101
1111110011100011
1111110010000011
1111111100011000
0000000101110011
0000000110011011
0000000001101001
1111111111010100
0000000001010010
0000000010000011
1111111101010100
1111110111010010
1111111000110110
0000000100001110
0000001111100000
0000001101010111
1111111100001001
1111101010101111
1111101011101101
0000000001101101
0000011001101110
0000011011100010
0000000010000110
1111100011011000
1111011101010101
1111111000101010
0000011101110111
0000101001010111
0000001101101110
1111100010101011
1111010000110011
1111101011000111
0000011011000100
0000110011111010
0000011100100001
1111101000110100
1111001000110010
1111011011110011
0000010001111000
0000111001000000
0000101011100100
1111110100101001
1111000110111001
1111001101101110
0000000011111100
0000110111100100
0000111000000001
0000000100000011
1111001011100110
1111000011011111
1111110011110000
0000101111110010
0000111111100110
0000010100010100
1111010110000111
1110111110111000
1111100100000111
0000100011000000
0001000001000011
0000100010101100
1111100100100111
1111000000100111
1111010111100110
0000010011011011
0000111100010001
0000101100110111
1111110100100111
1111001000001100
1111010000000111
0000000011101010
0000110010010001
0000110001011001
0000000011011110
1111010100000111
1111001110100111
1111110110010001
0000100100111111
0000101111111011
0000001110111001
1111100010001001
1111010010111000
1111101101001111
0000010110110110
0000101001001011
0000010101010000
1111101111110001
1111011011101101
1111101001101100
0000001010010101
0000011110110010
0000010101111110
1111111010101010
1111100111000101
1111101011101100
0000000001011110
0000010011000001
0000010001100000
0000000001001001
1111110010101010
1111110010010010
1111111101100100
0000001000001101
0000001001001110
0000000010011010
1111111100001010
1111111011101111
1111111110111010
0000000000011101
1111111111001001
1111111110101001
0000000001110011
0000000101110110
0000000100110100
1111111101001011
1111110101100100
1111110110111111
0000000010100111
0000001110011001
0000001101110000
1111111110110110
1111101110100001
1111101101010000
1111111110100100
0000010011100100
0000010111101110
0000000101000010
1111101011100001
1111100011100110
1111110110100100
0000010100001101
0000100000100100
0000001110011100
1111101101010001
1111011100000011
1111101100001110
0000010000000111
0000100110011010
0000011001001110
1111110011100010
1111011000001101
1111100001100010
0000000111111101
0000101000000010
0000100011010011
1111111101001111
1111011000111010
1111011000100010
1111111101001001
0000100101000001
0000101010110011
0000001000101011
1111011110001000
1111010010110111
1111110001100100
0000011101110011
0000101110011001
0000010011111001
1111100111000001
1111010001100000
1111100111001100
0000010011101000
0000101101011110
0000011101000001
1111110010000011
1111010100101001
1111011111101100
0000001000001110
0000101000010010
0000100010100111
1111111101010111
1111011011100110
1111011100001100
1111111101011111
0000011111111000
0000100011111011
0000000111000101
1111100101000011
1111011101000011
1111110101001000
0000010101110101
0000100001000000
0000001101101111
1111101111010000
1111100001110011
1111110000011001
0000001011111100
0000011010101101
0000010000011100
1111111000011001
1111101001010010
1111101111110001
0000000011111101
0000010010011100
0000001111000011
1111111110111010
1111110001111001
1111110011000000
1111111111001010
0000001001111011
0000001010001110
0000000001110100
1111111001111000
1111111001001000
1111111110001101
0000000010111000
0000000011001100
0000000000110100
1111111111101010
0000000000101001
0000000001000010
1111111110101001
1111111011100111
1111111100011000
0000000010001001
0000000111111000
0000000110110100
1111111110000010
1111110101001000
1111110101100110
0000000000111000
0000001101010000
0000001110001110
0000000001000110
1111110001001010
1111101101111110
1111111100001011
0000001111100101
0000010101101001
0000000111001100
1111110000100110
1111100111001001
1111110100111110
0000001110010100
0000011011100000
0000001111001001
1111110011101010
1111100010100011
1111101100101010
0000001001100101
0000011110100101
0000010111011011
1111111001111000
1111100001001011
1111100100110100
0000000010001001
0000011110001010
0000011110011110
0000000010001101
1111100011011001
1111011110111001
1111111001010011
0000011010001111
0000100010111111
0000001011001100
1111101000111000
1111011011111111
1111110000100011
0000010011011011
0000100100001011
0000010011010100
1111110000101110
1111011100100100
1111101001011000
0000001010111001
0000100001110111
0000011001010000
1111111001100101
1111100000011111
1111100100111010
0000000010000101
0000011100100010
0000011100000101
0000000001111111
1111100110111110
1111100011110010
1111111010011100
0000010101001100
0000011011100001
0000001000100100
1111101110110100
1111100101111111
1111110101001010
0000001101001110
0000010111110111
0000001100010101
1111110110100100
1111101010111000
1111110010111111
0000000110000010
0000010010000000
0000001100110111
1111111100111000
1111110001010111
1111110100000011
0000000000110111
0000001011001110
0000001010010101
0000000000101011
1111111000000110
1111110111110111
1111111110100011
0000000100111000
0000000101011111
0000000001011100
1111111101101101
1111111101011101
1111111111010110
0000000000010010
1111111111011111
1111111111001100
0000000001000101
0000000011100010
0000000010111010
1111111110010010
1111111001101100
1111111010100010
0000000001100101
0000001000110000
0000001000010111
1111111111010011
1111110101010101
1111110100100100
1111111111001000
0000001011111110
0000001110100010
0000000011000101
1111110011011011
1111101110100010
1111111010001100
0000001100011101
0000010100000110
0000001000111011
1111110100011010
1111101001101111
1111110011101111
0000001010000000
0000010111111000
0000001111101100
1111111000001111
1111100111001011
1111101100111111
0000000100111110
0000011001000100
0000010110000111
1111111110010001
1111100111011101
1111100111001100
1111111110001101
0000010111010100
0000011010111111
0000000101011110
1111101010100110
1111100011011100
1111110110110111
0000010010111001
0000011101011100
0000001100101001
1111110000000111
1111100010011010
1111110000001100
0000001100100001
0000011101000010
0000010010100011
1111110111000100
1111100100001110
1111101011010010
0000000101010010
0000011001111001
0000010110010000
1111111110010011
1111101000100011
1111101000111010
1111111110011000
0000010100100111
0000010111001111
0000000100100110
1111101110100010
1111101001010101
1111111000111100
0000001110001100
0000010101011110
0000001000111101
1111110101000101
1111101100010011
1111110101110100
0000000111110011
0000010001011110
0000001010110001
1111111011000001
1111110001000110
1111110101010110
0000000010100110
0000001100001000
0000001001111010
1111111111010010
1111110110101101
1111110111011011
1111111111011100
0000000110100100
0000000110110001
0000000001001101
1111111011111100
1111111011011100
1111111110110100
0000000001111010
0000000010001000
0000000000100011
1111111111110001
0000000000011011
0000000000101100
1111111111000110
1111111101000100
1111111101100101
0000000001011100
0000000101010010
0000000100100100
1111111110101011
1111111000101100
1111111001000000
0000000000100110
0000001000111011
0000001001100101
0000000000101111
1111110101111110
1111110011110101
1111111101011011
0000001010100011
0000001110101010
0000000100111000
1111110101100011
1111101111001000
1111111000100001
0000001001101111
0000010010101110
0000001010010100
1111110111100110
1111101011111011
1111110010110011
0000000110100010
0000010100111001
0000010000000001
1111111011110100
1111101010111001
1111101101011000
0000000001011110
0000010100101101
0000010100111011
0000000001100001
1111101100010101
1111101001001110
1111111011011000
0000010010000101
0000011000001000
0000000111101110
1111110000000010
1111100111000111
1111110101010100
0000001101011100
0000011001000011
0000001101011001
1111110101011001
1111100111011010
1111110000010010
0000000111100100
0000010111100011
0000010001100100
1111111011100010
1111101010000010
1111101101000111
0000000001011101
0000010011111011
0000010011101000
0000000001011001
1111101110011111
1111101100010000
1111111100000110
0000001110110111
0000010011010011
0000000110000000
1111110011111011
1111101101101110
1111111000011000
0000001001010011
0000010000110011
0000001000101100
1111111001010110
1111110001000110
1111110110110101
0000000100010000
0000001100101110
0000001001000110
1111111101110010
1111110101101001
1111110111100010
0000000000100111
0000000111111101
0000000111010101
0000000000011111
1111111010011001
1111111010001110
1111111110111110
0000000011011110
0000000011111010
0000000001000001
1111111110010111
1111111110001100
1111111111100010
0000000000001101
1111111111101001
1111111111011010
0000000000110010
0000000010100001
0000000010000101
1111111110110001
1111111011011110
1111111100000101
0000000001001001
0000000110010010
0000000110000001
1111111111011111
1111111000010101
1111110111110001
1111111111011000
0000001000101000
0000001010011111
0000000010001110
1111110110111011
1111110011011001
1111111011110011
0000001001000000
0000001110100010
0000000110011101
1111110111100111
1111101111111000
1111110111000111
0000000111010000
0000010001010101
0000001011011001
1111111010010111
1111101101111110
1111110010001011
0000000011100111
0000010010001111
0000010000000110
1111111110101111
1111101110000111
1111101101111010
1111111110101100
0000010001000001
0000010011101110
0000000100000000
1111110000010111
1111101011000111
1111111001010100
0000001101110101
0000010101100100
0000001001010001
1111110100010110
1111101010010010
1111110100011001
0000001001001100
0000010101010101
0000001101101000
1111111001011100
1111101011100100
1111110000110000
0000000011111001
0000010011000100
0000010000011010
1111111110110000
1111101110101101
1111101110111101
1111111110110011
0000001111001110
0000010001001011
0000000011011001
1111110011000101
1111101111001110
1111111010110001
0000001010100001
0000001111111011
0000000110101001
1111110111111010
1111110001011000
1111111000011100
0000000101110011
0000001100111111
0000001000000000
1111111100010011
1111110100111010
1111111000000100
0000000001111100
0000001001000010
0000000111011001
1111111111011110
1111111001000100
1111111001100110
1111111111100101
0000000100111010
0000000101000011
0000000000111010
1111111100111110
1111111100100101
1111111111000111
0000000001011100
0000000001100110
0000000000011010
1111111111110101
0000000000010100
0000000000100001
1111111111010101
1111111101110011
1111111110001100
0000000001000101
0000000011111110
0000000011011100
1111111111000000
1111111010100000
1111111010101111
0000000000011101
0000000110101111
0000000111001110
0000000000100011
1111111000011100
1111110110110100
1111111110000011
0000000111111110
0000001011000101
0000000011101100
1111111000000110
1111110011001111
1111111010010101
0000000111011000
0000001110001011
0000000111110100
1111111001101000
1111110000110001
1111110101111111
0000000100111110
0000001111111000
0000001100001011
1111111100110100
1111101111111101
1111110001110101
0000000001000111
0000001111110000
0000001111111100
0000000001001010
1111110001000000
1111101110101000
1111111100011110
0000001101110011
0000010010011010
0000000101111001
1111110011110011
1111101100111111
1111110111110101
0000001010010010
0000010011001010
0000001010010000
1111110111111001
1111101101001011
1111110011111110
0000000101110011
0000010010000011
0000001101011110
1111111100100100
1111101111001010
1111110001100000
0000000001000111
0000001111010011
0000001111000101
0000000001000100
1111110010100010
1111110000110100
1111111101000000
0000001011011100
0000001110110111
0000000100101000
1111110110101101
1111110001111010
1111111010001000
0000000111001011
0000001100111101
0000000110101101
1111111010110111
1111110100011111
1111111000111010
0000000011010010
0000001001110101
0000000111000010
1111111110010010
1111110111111111
1111111001011101
0000000000011110
0000000110001010
0000000101101100
0000000000011000
1111111011101001
1111111011100001
1111111111001101
0000000010101101
0000000011000010
0000000000110011
1111111110101111
1111111110100110
1111111111101001
0000000000001010
1111111111101110
1111111111100011
0000000000100111
0000000001111110
0000000001101000
1111111111000011
1111111100011110
1111111100111100
0000000000111001
0000000100111010
0000000100101100
1111111111100111
1111111010000001
1111111001100100
1111111111100000
0000000110101111
0000001000001100
0000000001101111
1111111000111010
1111110110001000
1111111100101110
0000000111000011
0000001011011001
0000000101000100
1111111001011011
1111110011010111
1111111001000010
0000000101101100
0000001101100110
0000001000111100
1111111011100101
1111110001110110
1111110101001001
0000000010110110
0000001110010101
0000001100101010
1111111111000000
1111110001111011
1111110001110001
1111111110111110
0000001101011010
0000001111100010
0000000011001010
1111110011101011
1111101111100010
1111111010101111
0000001010111010
0000010001000001
0000000111010100
1111110110110011
1111101110110111
1111110110110101
0000000111010001
0000010000110111
0000001010110010
1111111010110100
1111101111110110
1111110011111100
0000000011000101
0000001111000110
0000001100111111
1111111111000000
1111110010010011
1111110010011111
1111111111000011
0000001100000100
0000001101101000
0000000010101100
1111110101110000
1111110010101011
1111111011110110
0000001000010110
0000001100101001
0000000101010001
1111111001100100
1111110100011000
1111111001111111
0000000100100111
0000001010010101
0000000110011000
1111111101000011
1111110111001011
1111111001101100
0000000001100010
0000000111001101
0000000101111001
1111111111100101
1111111010011110
1111111010111001
1111111111101011
0000000011111011
0000000100000010
0000000000101110
1111111101100101
1111111101010001
1111111111010010
0000000001001001
0000000001010001
0000000000010101
1111111111110111
0000000000010000
0000000000011010
1111111111011101
1111111110001111
1111111110100011
0000000000110111
0000000011001100
0000000010110000
1111111111001101
1111111011100110
1111111011110010
0000000000010111
0000000101011001
0000000101110011
0000000000011100
1111111001111011
1111111000100111
1111111110011100
0000000110011010
0000001000111010
0000000010111110
1111111001101001
1111110101101111
1111111011011100
0000000101111100
0000001011011010
0000000110010011
1111111010110111
1111110011101111
1111110111111100
0000000100000000
0000001100110011
0000001001110100
1111111101011100
1111110011000100
1111110100100100
0000000000111010
0000001100101110
0000001100110111
0000000000111100
1111110011111001
1111110001111110
1111111101001010
0000001011001010
0000001110111001
0000000100110001
1111110110001001
1111110000100111
1111111001011001
0000001000010100
0000001111100001
0000001000010011
1111111001011011
1111110000110000
1111110110010000
0000000100101101
0000001110101000
0000001010111011
1111111101001110
1111110010010101
1111110100001111
0000000000111010
0000001100011011
0000001100001111
0000000000110111
1111110101000100
1111110011101010
1111111101100100
0000001001010011
0000001100000101
0000000011110001
1111111000011100
1111110100100010
1111111011001110
0000000101110110
0000001010100011
0000000101011101
1111111011110100
1111110110101000
1111111010001110
0000000010101100
0000001000000001
0000000101101111
1111111110100111
1111111001011110
1111111010101010
0000000000011001
0000000101000010
0000000100101001
0000000000010011
1111111100011100
1111111100010110
1111111111010110
0000000010001101
0000000010011111
0000000000101001
1111111110111101
1111111110110110
1111111111101101
0000000000001000
1111111111110001
1111111111101000
0000000000100000
0000000001100111
0000000001010101
1111111111001110
1111111101000111
1111111101100000
0000000000101111
0000000100000001
0000000011110110
1111111111101011
1111111011000110
1111111010101110
1111111111100110
0000000101100010
0000000110101110
0000000001011011
1111111010001011
1111110111111001
1111111101010011
0000000101110011
0000001001010111
0000000100001010
1111111010100110
1111110101100110
1111111010010001
0000000100101100
0000001011001100
0000000111010111
1111111100010111
1111110100010110
1111110111000100
0000000010010110
0000001011110011
0000001010011011
1111111111001011
1111110100011010
1111110100010001
1111111111001010
0000001011000011
0000001100110011
0000000010100110
1111110101110101
1111110010011010
1111111011101001
0000001001000000
0000001110000011
0000000110000010
1111111000011010
1111110001110110
1111111000011011
0000000110000000
0000001101111100
0000001000111010
1111111011101101
1111110010101001
1111110110000001
0000000010100011
0000001100011111
0000001010110000
1111111111001011
1111110100101010
1111110100110100
1111111111001101
0000001010000000
0000001011010010
0000000010001111
1111110111100000
1111110100111101
1111111100100100
0000000110111011
0000001010011111
0000000100011000
1111111010101010
1111110110010111
1111111011000000
0000000011110101
0000001000100101
0000000101010010
1111111101100011
1111111000101011
1111111010110000
0000000001010010
0000000101111111
0000000100111001
1111111111101001
1111111011011001
1111111011110000
1111111111101110
0000000011010000
0000000011010111
0000000000100110
1111111101111111
1111111101101111
1111111111011010
0000000000111101
0000000001000100
0000000000010001
1111111111111001
0000000000001110
0000000000010110
1111111111100011
1111111110100010
1111111110110010
0000000000101110
0000000010101010
0000000010010011
1111111111010101
1111111100010100
1111111100011110
0000000000010011
0000000100100000
0000000100110110
0000000000011000
1111111010111011
1111111001110101
1111111110101100
0000000101010111
0000000111011100
0000000010011111
1111111010101100
1111110111011010
1111111100001100
0000000100111110
0000001001100011
0000000101010001
1111111011101101
1111110101101111
1111111001010000
0000000011010110
0000001010101110
0000001000001110
1111111101110110
1111110101001010
1111110110011011
0000000000110000
0000001010101010
0000001010110010
0000000000110010
1111110101110110
1111110100001111
1111111101100111
0000001001010111
0000001100100000
0000000100000000
1111110111101110
1111110011000101
1111111010011101
0000000110111111
0000001101000010
0000000110111110
1111111010011111
1111110011001011
1111110111110011
0000000011111101
0000001100010011
0000001001001100
1111111101101010
1111110100100000
1111110110000111
0000000000110001
0000001010011101
0000001010010011
0000000000101111
1111110110110011
1111110101100111
1111111101111101
0000000111110101
0000001010001011
0000000011001011
1111111001101000
1111110110010110
1111111011111110
0000000100111011
0000001000111001
0000000100100111
1111111100011110
1111111000000110
1111111011001000
0000000010010001
0000000110110001
0000000100110110
1111111110110101
1111111010011111
1111111011011111
0000000000010101
0000000100010000
0000000011111011
0000000000010000
1111111101000000
1111111100111010
1111111111011101
0000000001110111
0000000010000110
0000000000100011
1111111111001000
1111111111000001
1111111111110000
0000000000000111
1111111111110011
1111111111101100
0000000000011011
0000000001010111
0000000001001000
1111111111010110
1111111101100011
1111111101111000
0000000000100111
0000000011011010
0000000011010001
1111111111101110
1111111011110101
1111111011100010
1111111111101010
0000000100101100
0000000101101101
0000000001001110
1111111011000011
1111111001001000
1111111101101101
0000000100111011
0000000111111100
0000000011100010
1111111011011010
1111110111001011
1111111011001000
0000000011111110
0000001001100000
0000000110010000
1111111100111010
1111110110000110
1111111000011001
0000000001111111
0000001010000010
0000001000110111
1111111111010011
1111110110001001
1111110110000001
1111111111010010
0000001001011010
0000001010111001
0000000010001110
1111110111010110
1111110100011100
1111111100010011
0000000111101011
0000001011111110
0000000101001001
1111111001100010
1111110011111100
1111111001100011
0000000101000111
0000001011111000
0000000111100110
1111111100010110
1111110100100111
1111110111011111
0000000010001011
0000001010101010
0000001001001011
1111111111010011
1111110110010100
1111110110011101
1111111111010101
0000001000100010
0000001001101000
0000000001111010
1111111000110000
1111110110100100
1111111101000100
0000000101111010
0000001000111101
0000000011101111
1111111011011100
1111110111110000
1111111011101111
0000000011010001
0000000111010101
0000000100100001
1111111101111010
1111111001101111
1111111011100001
0000000001000110
0000000101001000
0000000100001100
1111111111101101
1111111100000100
1111111100010111
1111111111110001
0000000010110010
0000000010111000
0000000000100001
1111111110010001
1111111110000011
1111111111011111
0000000000110100
0000000000111010
0000000000001111
1111111111111010
0000000000001100
0000000000010011
1111111111100111
1111111110101111
1111111110111101
0000000000100111
0000000010010010
0000000001111110
1111111111011011
1111111100110110
1111111100111110
0000000000010000
0000000011111000
0000000100001010
0000000000010100
1111111011101001
1111111010101101
1111111110111000
0000000100100110
0000000110011001
0000000010001000
1111111011011100
1111111000101000
1111111100101110
0000000100010001
0000001000001101
0000000100100010
1111111100010011
1111110111001011
1111111010001100
0000000010111000
0000001001001110
0000000111000101
1111111110001010
1111110110101011
1111110111110000
0000000000101010
0000001001001011
0000001001010010
0000000000101011
1111110111010000
1111110101110111
1111111101111100
0000001000000100
0000001010110001
0000000011011101
1111111000110111
1111110100110111
1111111011001110
0000000110000010
0000001011001111
0000000110000001
1111111011001111
1111110100111100
1111111000111011
0000000011011010
0000001010100111
0000000111111011
1111111101111111
1111110110000101
1111110111011101
0000000000101010
0000001001000001
0000001000111001
0000000000101000
1111111000000011
1111110111000010
1111111110001110
0000000110110001
0000001000110010
0000000010101111
1111111010011111
1111110111101010
1111111100100001
0000000100010000
0000000111101100
0000000011111111
1111111100111101
1111111001001010
1111111011110010
0000000001111101
0000000101110110
0000000100001100
1111111110111111
1111111011001110
1111111100000110
0000000000010010
0000000011101011
0000000011011001
0000000000001110
1111111101011010
1111111101010100
1111111111100001
0000000001100111
0000000001110100
0000000000011110
1111111111001111
1111111111001010
1111111111110010
0000000000000110
1111111111110101
1111111111101110
0000000000010111
0000000001001100
0000000000111110
1111111111011011
1111111101111000
1111111110001010
0000000000100010
0000000010111101
0000000010110101
1111111111110001
1111111100011001
1111111100000111
1111111111101101
0000000100000101
0000000100111101
0000000001000011
1111111011101101
1111111010000010
1111111110000001
0000000100010001
0000000110111001
0000000011000100
1111111100000001
1111111000010101
1111111011110001
0000000011011101
0000001000010000
0000000101011100
1111111101010100
1111110111011001
1111111001011001
0000000001101111
0000001000101111
0000000111101110
1111111111011001
1111110111011011
1111110111010100
1111111111011000
0000001000001100
0000001001011111
0000000001111011
1111111000011110
1111110101111100
1111111100110010
0000000110101011
0000001010011011
0000000100011110
1111111010010111
1111110101011111
1111111010011000
0000000100011101
0000001010010110
0000000110100111
1111111100110100
1111110110000100
1111111000100101
0000000001111001
0000001001010010
0000001000000000
1111111111011001
1111110111100100
1111110111101011
1111111111011010
0000000111011100
0000001000011010
0000000001101010
1111111001101011
1111110111110001
1111111101011100
0000000101001010
0000000111110100
0000000011010001
1111111100000001
1111111000110011
1111111100010001
0000000010110111
0000000110011010
0000000011111101
1111111110001011
1111111010100001
1111111100000101
0000000000111101
0000000100011110
0000000011101010
1111111111101111
1111111100100100
1111111100110101
1111111111110011
0000000010011100
0000000010100001
0000000000011101
1111111110011111
1111111110010011
1111111111100100
0000000000101110
0000000000110011
0000000000001101
1111111111111011
0000000000001010
0000000000010000
1111111111101010
1111111110111001
1111111111000110
0000000000100011
0000000010000000
0000000001101110
1111111111100000
1111111101001111
1111111101010110
0000000000001110
0000000011011001
0000000011101001
0000000000010010
1111111100001100
1111111011010111
1111111111000001
0000000100000010
0000000101100111
0000000001110111
1111111100000000
1111111001100010
1111111101001000
0000000011101111
0000000111001101
0000000011111110
1111111100110001
1111111000010000
1111111010111010
0000000010100010
0000001000000110
0000000110001101
1111111110011000
1111110111110100
1111111000110001
0000000000100100
0000001000000100
0000001000001010
0000000000100110
1111111000010100
1111110111000110
1111111110001100
0000000111000101
0000001001011101
0000000011000010
1111111001101111
1111110110001110
1111111011110011
0000000101010011
0000001001111000
0000000101010010
1111111011110100
1111110110010010
1111111001110010
0000000011000000
0000001001010101
0000000110111110
1111111110001110
1111110111010001
1111111000011111
0000000000100101
0000000111111100
0000000111110101
0000000000100011
1111111001000000
1111111000000111
1111111110011100
0000000101111101
0000000111101111
0000000010011010
1111111011001010
1111111000101010
1111111100111100
0000000011110000
0000000110110001
0000000011100000
1111111101010100
1111111001111111
1111111100010010
0000000001101110
0000000101001010
0000000011101100
1111111111000110
1111111011110011
1111111100100100
0000000000010000
0000000011001111
0000000010111111
0000000000001101
1111111101101101
1111111101101001
1111111111100101
0000000001011011
0000000001100111
0000000000011011
1111111111010101
1111111111010000
1111111111110100
0000000000000101
1111111111110110
1111111111110001
0000000000010100
0000000001000011
0000000000110111
1111111111100000
1111111110001000
1111111110011000
0000000000011110
0000000010100111
0000000010100000
1111111111110010
1111111100110100
1111111100100100
1111111111101111
0000000011100110
0000000100011000
0000000000111011
1111111100001101
1111111010101110
1111111110010000
0000000011110001
0000000110000110
0000000010101101
1111111100011110
1111111001001110
1111111100010001
0000000011000011
0000000111010011
0000000100110011
1111111101101000
1111111000011000
1111111010001010
0000000001100010
0000000111101110
0000000110110101
1111111111011110
1111111000011010
1111111000010100
1111111111011100
0000000111001111
0000001000011001
0000000001101101
1111111001010101
1111110111000110
1111111101001001
0000000101111010
0000001001001110
0000000011111110
1111111011000001
1111110110101100
1111111011000001
0000000011111101
0000001001001011
0000000101110111
1111111101001011
1111110111001101
1111111001011011
0000000001101011
0000001000001111
0000000111000101
1111111111011101
1111111000100001
1111111000101000
1111111111011111
0000000110100110
0000000111011101
0000000001011110
1111111010011001
1111111000101101
1111111101101110
0000000100100101
0000000110111100
0000000010111001
1111111100011110
1111111001100111
1111111100101100
0000000010100010
0000000101101100
0000000011100000
1111111110011000
1111111011001001
1111111100100001
0000000000110110
0000000011111110
0000000011010000
1111111111110001
1111111100111100
1111111101001011
1111111111110100
0000000010001011
0000000010001111
0000000000011001
1111111110101010
1111111110011111
1111111111100111
0000000000101001
0000000000101101
0000000000001100
1111111111111011
0000000000001001
0000000000001111
1111111111101101
1111111111000001
1111111111001100
0000000000011111
0000000001110001
0000000001100010
1111111111100011
1111111101100010
1111111101101001
0000000000001101
0000000011000001
0000000011001111
0000000000010000
1111111100100111
1111111011110111
1111111111001000
0000000011100110
0000000100111111
0000000001101010
1111111100011100
1111111010001111
1111111101011100
0000000011010101
0000000110011010
0000000011100010
1111111101000111
1111111001000110
1111111011011101
0000000010010000
0000000111001101
0000000101100010
1111111110100011
1111111000101101
1111111001100011
0000000000100001
0000000111001100
0000000111010001
0000000000100010
1111111001001010
1111111000000100
1111111110011001
0000000110010100
0000001000011100
0000000010101101
1111111010011010
1111110111010010
1111111100010000
0000000100101110
0000001000110100
0000000100101110
1111111100010001
1111110111010101
1111111010011101
0000000010101011
0000001000010101
0000000110001110
1111111110011011
1111111000001110
1111111001010011
0000000000100001
0000000111000101
0000000110111111
0000000000100000
1111111001110000
1111111000111101
1111111110100111
0000000101010100
0000000110111010
0000000010001010
1111111011101011
1111111001011100
1111111101010001
0000000011010110
0000000110000011
0000000011001000
1111111101100110
1111111010101000
1111111100101100
0000000001100011
0000000100100111
0000000011010011
1111111111001101
1111111100001111
1111111100111011
0000000000001110
0000000010111001
0000000010101011
0000000000001011
1111111101111101
1111111101111001
1111111111101000
0000000001010001
0000000001011100
0000000000011000
1111111111011010
1111111111010101
1111111111110101
0000000000000101
1111111111110111
1111111111110010
0000000000010010
0000000000111100
0000000000110001
1111111111100011
1111111110010101
1111111110100011
0000000000011011
0000000010010101
0000000010001111
1111111111110100
1111111101001001
1111111100111011
1111111111110001
0000000011001110
0000000011111011
0000000000110101
1111111100100110
1111111011010001
1111111110011011
0000000011011000
0000000101011110
0000000010011011
1111111100110110
1111111001111011
1111111100101001
0000000010101111
0000000110100011
0000000100010100
1111111101110111
1111111001001011
1111111010110001
0000000001011000
0000000110111011
0000000110001000
1111111111100001
1111111001001100
1111111001000111
1111111111100000
0000000110100000
0000000111100010
0000000001100010
1111111010000001
1111111000000000
1111111101011100
0000000101010100
0000001000010010
0000000011100100
1111111011100001
1111110111101001
1111111011100010
0000000011100011
0000001000001111
0000000101010001
1111111101011110
1111111000000110
1111111010000110
0000000001100000
0000000111011001
0000000110010111
1111111111100001
1111111001010010
1111111001011000
1111111111100010
0000000101111011
0000000110101100
0000000001010101
1111111010111101
1111111001011100
1111111101111101
0000000100000111
0000000110001111
0000000010100110
1111111100110101
1111111010010001
1111111101000010
0000000010010010
0000000101000111
0000000011001010
1111111110100010
1111111011101000
1111111100111000
0000000000110001
0000000011100101
0000000010111011
1111111111110010
1111111101010000
1111111101011110
1111111111110101
0000000001111101
0000000010000000
0000000000010111
1111111110110011
1111111110101001
1111111111101001
0000000000100101
0000000000101001
0000000000001010
1111111111111100
0000000000001000
0000000000001101
1111111111101111
1111111111000111
1111111111010001
0000000000011100
0000000001100110
0000000001011000
1111111111100110
1111111101110010
1111111101111000
0000000000001100
0000000010101110
0000000010111011
0000000000001110
1111111100111100
1111111100010010
1111111111001101
0000000011001111
0000000100100000
0000000001100000
1111111100110010
1111111010110100
1111111101101100
0000000011000000
0000000101110010
0000000011001100
1111111101011001
1111111001110010
1111111011111010
0000000010000010
0000000110100000
0000000100111111
1111111110101101
1111111001011011
1111111010001100
0000000000011101
0000000110011110
0000000110100011
0000000000011110
1111111001110101
1111111000110110
1111111110100011
0000000101101100
0000000111100111
0000000010011100
1111111010111101
1111111000001000
1111111100100111
0000000100010001
0000000111111101
0000000100010000
1111111100101000
1111111000001011
1111111011000000
0000000010011010
0000000111100001
0000000101100111
1111111110100100
1111111000111110
1111111001111101
0000000000011110
0000000110011001
0000000110010100
0000000000011100
1111111010010111
1111111001101000
1111111110101111
0000000100110011
0000000110001111
0000000001111100
1111111100000110
1111111010000100
1111111101100010
0000000011000001
0000000101011110
0000000010110101
1111111101110101
1111111011001001
1111111101000000
0000000001011001
0000000100001010
0000000010111111
1111111111010010
1111111100100110
1111111101001110
0000000000001101
0000000010101000
0000000010011011
0000000000001010
1111111110001001
1111111110000110
1111111111101010
0000000001001010
0000000001010011
0000000000010110
1111111111011101
1111111111011001
1111111111110110
0000000000000100
1111111111111000
1111111111110011
0000000000010001
0000000000110110
0000000000101101
1111111111100110
1111111110011111
1111111110101100
0000000000011000
0000000010000111
0000000010000010
1111111111110101
1111111101011010
1111111101001110
1111111111110010
0000000010111011
0000000011100011
0000000000110000
1111111100111011
1111111011101110
1111111110100101
0000000011000100
0000000100111101
0000000010001101
1111111101001001
1111111010100000
1111111100111110
0000000010011111
0000000101111011
0000000011111010
1111111110000100
1111111001110100
1111111011010000
0000000001010000
0000000110010010
0000000101100011
1111111111100100
1111111001110101
1111111001110000
1111111111100011
0000000101111001
0000000110110101
0000000001011001
1111111010100101
1111111000110000
1111111101101011
0000000100110100
0000000111100000
0000000011001110
1111111011111100
1111111000011011
1111111011111101
0000000011001110
0000000111011110
0000000100110010
1111111101101101
1111111000110101
1111111010101001
0000000001010111
0000000110101101
0000000101110010
1111111111100100
1111111001111010
1111111001111111
1111111111100101
0000000101011000
0000000110000101
0000000001001101
1111111011011011
1111111010000011
1111111110001001
0000000011101111
0000000101101010
0000000010010111
1111111101000111
1111111010110010
1111111101010011
0000000010000100
0000000100101001
0000000010110111
1111111110101011
1111111100000010
1111111101001010
0000000000101100
0000000011010000
0000000010101010
1111111111110100
1111111101100000
1111111101101100
1111111111110110
0000000001110001
0000000001110101
0000000000010101
1111111110111010
1111111110110001
1111111111101011
0000000000100001
0000000000100101
0000000000001010
1111111111111100
0000000000000111
0000000000001100
1111111111110000
1111111111001100
1111111111010110
0000000000011001
0000000001011101
0000000001010000
1111111111101001
1111111101111111
1111111110000100
0000000000001010
0000000010011110
0000000010101010
0000000000001101
1111111101001110
1111111100100111
1111111111010010
0000000010111100
0000000100000110
0000000001010111
1111111101000101
1111111011010010
1111111101111010
0000000010101111
0000000101010001
0000000010111010
1111111101101000
1111111010010110
1111111100010010
0000000001110110
0000000101111010
0000000100100010
1111111110110100
1111111010000000
1111111010101101
0000000000011011
0000000101111001
0000000101111110
0000000000011100
1111111010011000
1111111001011111
1111111110101011
0000000101001100
0000000110111011
0000000010001110
1111111011011010
1111111000110101
1111111100111011
0000000011111000
0000000111001111
0000000011111000
1111111100111011
1111111000111000
1111111011011100
0000000010001101
0000000110110110
0000000101001000
1111111110101101
1111111001100110
1111111010011111
0000000000011011
0000000101110101
0000000101110000
0000000000011010
1111111010110111
1111111010001100
1111111110110111
0000000100011000
0000000101101100
0000000001110010
1111111100011100
1111111010100110
1111111101110000
0000000010110000
0000000100111111
0000000010100101
1111111110000001
1111111011100100
1111111101010001
0000000001010001
0000000011110011
0000000010101110
1111111111010110
1111111100111001
1111111101011110
0000000000001100
0000000010011001
0000000010001101
0000000000001001
1111111110010100
1111111110010000
1111111111101100
0000000001000011
0000000001001100
0000000000010100
1111111111100000
1111111111011101
1111111111110111
0000000000000100
1111111111111001
1111111111110101
0000000000001111
0000000000110001
0000000000101001
1111111111101000
1111111110100111
1111111110110011
0000000000010110
0000000001111011
0000000001110110
1111111111110110
1111111101101001
1111111101011101
1111111111110100
0000000010101011
0000000011001111
0000000000101100
1111111101001100
1111111100000110
1111111110101101
0000000010110011
0000000100100001
0000000010000001
1111111101011001
1111111010111110
1111111101001110
0000000010010001
0000000101011011
0000000011100100
1111111110001111
1111111010010110
1111111011101010
0000000001001001
0000000101101111
0000000101000100
1111111111100110
1111111010010111
1111111010010010
1111111111100110
0000000101011001
0000000110010000
0000000001010001
1111111011000010
1111111001011000
1111111101111000
0000000100011010
0000000110110111
0000000010111101
1111111100010010
1111111001000100
1111111100010011
0000000010111100
0000000110110101
0000000100011000
1111111101111001
1111111001011100
1111111011000110
0000000001010000
0000000110001001
0000000101010010
1111111111100110
1111111010011011
1111111010100000
1111111111100111
0000000100111011
0000000101100100
0000000001000110
1111111011110100
1111111010100011
1111111110010011
0000000011011011
0000000101001100
0000000010001010
1111111101010111
1111111011001110
1111111101100010
0000000001111001
0000000100010000
0000000010101000
1111111110110010
1111111100010111
1111111101011001
0000000000101001
0000000010111110
0000000010011100
1111111111110101
1111111101101101
1111111101111001
1111111111110111
0000000001101000
0000000001101011
0000000000010011
1111111111000000
1111111110110111
1111111111101101
0000000000011110
0000000000100010
0000000000001001
1111111111111100
0000000000000111
0000000000001011
1111111111110001
1111111111010001
1111111111011001
0000000000010111
0000000001010101
0000000001001010
1111111111101011
1111111110001010
1111111110001111
0000000000001010
0000000010010001
0000000010011100
0000000000001100
1111111101011101
1111111100111001
1111111111010110
0000000010101101
0000000011110000
0000000001010000
1111111101010100
1111111011101011
1111111110000101
0000000010100000
0000000100110101
0000000010101010
1111111101110101
1111111010110011
1111111100100101
0000000001101100
0000000101011011
0000000100001011
1111111110111010
1111111010100000
1111111011001001
0000000000011000
0000000101011010
0000000101011111
0000000000011001
1111111010110110
1111111010000001
1111111110110010
0000000100110001
0000000110010111
0000000010000010
1111111011110010
1111111001011010
1111111101001011
0000000011100100
0000000110101010
0000000011100100
1111111101001011
1111111001011101
1111111011110100
0000000010000001
0000000110010011
0000000100101101
1111111110110011
1111111010000111
1111111010111100
0000000000011001
0000000101010111
0000000101010010
0000000000011000
1111111011010010
1111111010101010
1111111110111100
0000000100000001
0000000101001111
0000000001101000
1111111100101110
1111111011000010
1111111101111011
0000000010100010
0000000100100101
0000000010011000
1111111110001100
1111111011111011
1111111101011111
0000000001001011
0000000011100000
0000000010100000
1111111111011001
1111111101001001
1111111101101011
0000000000001011
0000000010001101
0000000010000010
0000000000001001
1111111110011100
1111111110011001
1111111111101110
0000000000111110
0000000001000110
0000000000010010
1111111111100011
1111111111011111
1111111111111000
0000000000000100
