[1] 125959 
[2] -148255 
[3] 13471 
[4] 64320 
[5] 28194 
[6] -46867 
[7] -117566 
[8] -159909 
[9] -169452 
[10] -153509 
[11] -122268 
[12] -83230 
[13] -40075 
[14] 5611 
[15] 51974 
[16] 95512 
[17] 131149 
[18] 153666 
[19] 159263 
[20] 146935 
[21] 118906 
[22] 80315 
[23] 38139 
[24] -117 
[25] -27940 
[26] -40979 
[27] -37948 
[28] -20906 
[29] 4941 
[30] 32075 
[31] 51931 
[32] 56489 
[33] 39865 
[34] -234 
[35] -61725 
[36] -137892 
[37] -218217 
[38] -289578 
[39] -338467 
[40] -353022 
[41] -325414 
[42] -253305 
[43] -141154 
[44] 539 
[45] 155406 
[46] 304920 
[47] 428704 
[48] 510868 
[49] 538964 
[50] 509237 
[51] 425947 
[52] 300417 
[53] 151181 
[54] -346 
[55] -133163 
[56] -229309 
[57] -277520 
[58] -275732 
[59] -230790 
[60] -157537 
[61] -76739 
[62] -11206 
[63] 18951 
[64] -103 
[65] -72842 
[66] -192429 
[67] -340812 
[68] -491267 
[69] -612448 
[70] -673459 
[71] -649198 
[72] -525628 
[73] -303451 
[74] 653 
[75] 355255 
[76] 717812 
[77] 1040285 
[78] 1276200 
[79] 1388135 
[80] 1353873 
[81] 1170760 
[82] 856826 
[83] 449261 
[84] -721 
[85] -435160 
[86] -798469 
[87] -1045930 
[88] -1151203 
[89] -1110536 
[90] -944343 
[91] -693563 
[92] -413685 
[93] -164460 
[94] 100 
[95] 42550 
[96] -50210 
[97] -262833 
[98] -551350 
[99] -849154 
[100] -1076814 
[101] -1155041 
[102] -1019419 
[103] -633644 
[104] 542 
[105] 838104 
[106] 1792298 
[107] 2743106 
[108] 3551497 
[109] 4078127 
[110] 4204122 
[111] 3850492 
[112] 2993578 
[113] 1674388 
[114] -795 
[115] -1869084 
[116] -3727662 
[117] -5357230 
[118] -6549343 
[119] -7133594 
[120] -7001688 
[121] -6124402 
[122] -4559287 
[123] -2447516 
[124] 427 
[125] 2527725 
[126] 4861293 
[127] 6743899 
[128] 7965496 
[129] 8388607 
[130] 7965496 
[131] 6743899 
[132] 4861293 
[133] 2527725 
[134] 427 
[135] -2447516 
[136] -4559287 
[137] -6124402 
[138] -7001688 
[139] -7133594 
[140] -6549343 
[141] -5357230 
[142] -3727662 
[143] -1869084 
[144] -795 
[145] 1674388 
[146] 2993578 
[147] 3850492 
[148] 4204122 
[149] 4078127 
[150] 3551497 
[151] 2743106 
[152] 1792298 
[153] 838104 
[154] 542 
[155] -633644 
[156] -1019419 
[157] -1155041 
[158] -1076814 
[159] -849154 
[160] -551350 
[161] -262833 
[162] -50210 
[163] 42550 
[164] 100 
[165] -164460 
[166] -413685 
[167] -693563 
[168] -944343 
[169] -1110536 
[170] -1151203 
[171] -1045930 
[172] -798469 
[173] -435160 
[174] -721 
[175] 449261 
[176] 856826 
[177] 1170760 
[178] 1353873 
[179] 1388135 
[180] 1276200 
[181] 1040285 
[182] 717812 
[183] 355255 
[184] 653 
[185] -303451 
[186] -525628 
[187] -649198 
[188] -673459 
[189] -612448 
[190] -491267 
[191] -340812 
[192] -192429 
[193] -72842 
[194] -103 
[195] 18951 
[196] -11206 
[197] -76739 
[198] -157537 
[199] -230790 
[200] -275732 
[201] -277520 
[202] -229309 
[203] -133163 
[204] -346 
[205] 151181 
[206] 300417 
[207] 425947 
[208] 509237 
[209] 538964 
[210] 510868 
[211] 428704 
[212] 304920 
[213] 155406 
[214] 539 
[215] -141154 
[216] -253305 
[217] -325414 
[218] -353022 
[219] -338467 
[220] -289578 
[221] -218217 
[222] -137892 
[223] -61725 
[224] -234 
[225] 39865 
[226] 56489 
[227] 51931 
[228] 32075 
[229] 4941 
[230] -20906 
[231] -37948 
[232] -40979 
[233] -27940 
[234] -117 
[235] 38139 
[236] 80315 
[237] 118906 
[238] 146935 
[239] 159263 
[240] 153666 
[241] 131149 
[242] 95512 
[243] 51974 
[244] 5611 
[245] -40075 
[246] -83230 
[247] -122268 
[248] -153509 
[249] -169452 
[250] -159909 
[251] -117566 
[252] -46867 
[253] 28194 
[254] 64320 
[255] 13471 
[256] -148255 
[257] 125959 
[257] 4 
[258] 1  
