 2745819
-2961500
 -856924
 2441540
 1617244
 3398283
   90175
  904485
 4356172
-1372619
 1903907
-1432846
 1490329
-1173394
 -638622
 -234516
-1179614
 -550310
 2425233
 -400769
 1882495
  639425
  400439
 -741401
-2707967
 1904198
 1790802
-2100321
-1257480
 2859264
-4236246
  383099
 4817751
 -185185
  292615
  -79193
  253003
-1054719
  977301
-3813444
  752073
-4259555
 4872286
-3268103
-1991777
-3016308
  123846
  984226
  886515
 -612893
-1009871
 1669898
 1962658
-5832420
  630551
  688420
 3189331
 1890928
 -193529
-1053361
 4921979
-3129246
-1235079
-2025759
 5200177
 2106887
-1600918
  -41079
-6224414
 2150028
  850105
-1319516
  358632
 2001732
 3947024
 1716389
 -938039
 1328348
 2903614
  470100
  -84137
-2395057
 -582389
  -98306
 3139571
-1609740
-1896511
 -207423
-1968010
 1470324
  123613
  724388
-1579614
-2323099
 3663918
-2959988
 -727937
-2670475
  296017
 1359711
-1912527
-2407791
 2995858
  277768
  570626
-2207508
-5102551
-1205901
 3706307
 2496150
-2202918
-2895111
  177047
-2565339
 2748317
-2165503
-4318845
 1979552
 1981268
-1819638
 1231736
-4132638
 2137132
  271973
-2147298
  575457
  383818
 1887868
-2744773
 -427165
 1368730
 -863704
-1267359
 2144498
-1173288
  -47840
-2217874
-1653575
 -625518
 3976171
 4026717
  303454
 3086028
 -752094
 3354044
-1845904
  321530
-5617090
 -825932
 3622002
 -344986
  889932
  765532
-1809091
 1063508
 1367410
-1583216
 1298386
 -839819
 5530969
 -228077
 2207522
-1174426
-4225391
  -80534
 -814112
 1283340
 1163826
-3419151
  275838
 1426149
 -977379
-2474856
  444124
 4736321
 6613074
-2290706
  211093
  167033
 -212369
 -307292
 -791049
  209690
-1549517
-1477374
 3064207
-1947898
 -269148
 1275884
 4983687
 -134751
 1071948
-1083580
-3052325
-1391543
   38664
-2521655
  820315
  972073
-5013173
  149599
 -947063
-2100648
-1007045
-2511148
  174616
 4130199
 2354268
 1349404
 -846229
 -357150
-1501061
 2047400
 -321260
-1193064
-5310892
 -609001
  699401
 1606298
 -714274
-1158519
 -811603
 2785371
-1269639
  835234
 1813259
-1635431
 -138347
 -611197
 1327923
-1174366
-4763014
 4560103
  342663
-2225682
-3796536
 2098249
 1517113
  326277
-2501671
-3979334
 1439432
-1879746
 4976366
 -776870
 -557286
-1683276
  864392
-1202424
 1445876
 1340686
-1629536
  703326
-1011487
-1963640
 1676642
  479494
  -34855
 2720300
 1316461
  546855
  326080
 2476004
  238097
  384254
-1398068
-2714552
 2524221
-1860181
-2567589
 1501501
 1162479
 1422287
 1281808
 1717312
 -380433
 3623136
  774654
 -131516
-2049455
-3116489
 3146061
 1898308
-3755797
-2497131
-2499553
-1690847
-5593016
  265705
 4381953
 -560064
-1901271
 -606965
 1385703
-2368795
-1050949
 1513027
-2508239
-1403914
 3387605
 -767803
 -855088
 2330745
-1522457
  841302
-1148885
  809529
 -262861
 -952736
 1400531
 -823238
 1181710
  597281
 2966324
-1648641
-2296568
 -172086
-3052614
-1840467
 -996542
 5545531
 -934818
  547772
-2274757
 3715760
-4480230
 1392003
-5446574
-2558705
 5151871
-4680390
 1433597
-4398116
 -493628
-2011865
 1038255
 3576690
 1909736
-1523107
 -180018
-3696724
 1390448
 4774930
-4376190
 -446970
  -96596
  341414
 1397285
  218681
 3144448
-1168347
 1605435
  584545
  169401
-2351074
  800512
 2434338
 1530347
 -345311
-2717523
 1922614
 4172453
 1239932
 -338452
 -919808
-1953001
  -84338
 -793863
 1765739
  523939
-3380088
-3933124
  924326
-3349547
-4516276
 2680507
  456008
 4309031
 2375852
-2054727
 1589346
  -34970
  187910
-3249226
-1088792
 -386169
-1736549
  415291
-3006117
 2195893
  540393
    -535
 3824055
 1003066
-2788487
  389984
 1750525
 1090241
-2642552
 2594095
 2101676
  825408
  616398
  733992
 1359519
-2020926
 -921249
-1888651
 1729844
-2182539
 2733653
  879178
-1723140
-3174728
  572738
-2746383
 2079775
-4434095
    3543
 5882954
 1412575
 1320070
 -637888
-1160728
 6094037
  542518
 3579742
 -644914
  921216
-1364979
-3517327
-4438562
  496280
 1016984
  -99963
 -961494
-3509822
 -684476
-1551880
-3005028
  157880
 -388666
-2683364
 1739724
 3113542
-1026215
 1332376
 1907296
 -498876
-1383337
-1652899
-1449195
-2558688
-2927342
-1351593
  956269
-2558225
-5197305
 1903468
 2587592
  741503
 -814385
  907559
  177798
 -288917
 -743283
 5270309
  875337
 1820978
-2471845
 1203999
-2955518
 1052458
 1973703
-4290488
 2169237
  172012
  260017
-1267313
 -209658
-2476079
  998351
-2831224
 -606117
 4748419
 -113070
  -84795
 2252470
 2251415
 2286614
-1303499
-2047708
-2289348
   34397
-1871302
 3519522
  628966
-3731114
-5481113
 1052268
 4549209
-2280796
 2931731
-2429382
  780325
  300479
 1617635
 -864744
 -109157
-3301202
  605632
  928419
 1383367
  150034
-1219457
 1694302
 2675842
 2999108
-1015376
 -832602
 2530408
-4798143
 -479612
  -73735
 -555119
 1630206
 1782726
-1033674
-3412520
-1537187
-4277650
 1839063
-1601399
 1351628
 1157603
  -16616
 -169153
  581963
  495945
-2687611
  775140
 3123266
-1982493
 1262335
  886395
  305482
  677554
 1260720
 2320266
 -171710
-3008356
 1603748
 1861437
 4002856
 2287201
 -908424
 -616404
 5936720
 1630571
-2493878
-2498527
-3935476
-5065428
-1735915
  736752
 4041227
 3011742
 1711212
 3700360
 -315201
-1976379
-2574426
 1024663
-1714036
  891412
-3019767
 -428364
 -591207
 -175593
 3560245
  770478
-2472533
 1428132
  488104
 -818333
-4811347
  316482
-3639681
 1823781
 1154020
 -811412
-2438563
 1475811
  473099
 -171608
 -110119
  424571
 -148282
 1939943
-3029650
  931053
  -74604
-1548670
 -423289
  854079
 -167357
  728516
-2313944
-2523084
 -346145
-2090749
 -520029
 -712573
 -717797
 -920327
-1937257
 -946983
-1040224
 1575729
-2251059
 2793748
 3038761
-1377730
 2203206
 -493626
 1133283
  424878
 1765193
-3183735
 2254182
  827311
-3209501
 1217482
 1664448
-2921434
-2744685
 3167450
-2480185
-1171763
 1830149
-1136687
  150170
 -287177
 -246001
 -714931
 -241315
-2842834
 2016267
 1213284
 2534607
-2430167
-2108498
-2874680
 -435252
 2136639
 -874235
 3839009
  641931
  705616
-1997173
 -287121
 -195631
-1273518
 -905858
-2381761
 3326609
-1658767
 3185241
  751040
  698891
 1195298
  746132
 2705867
 -154289
 -227233
 1688128
  202512
-2770371
 2596300
 1758731
 -370967
 3121042
-2133195
-2045499
  892233
-3357814
 -442988
 2583392
-1644115
  852557
-1423802
 -465090
  529028
-2576964
-1676775
  -15427
  512680
  119483
 2235663
 1147943
-1705224
 2124786
-1637603
  207283
  808647
  875476
  238588
  224237
  182161
 2737745
 1869896
  -93093
-2494853
-1763810
-1393713
-1380862
-4354406
 -483211
 2614489
 -796699
 -113055
-4694376
-2382441
  843841
  -18697
-2587804
-2459174
 3561648
 1428519
  596526
  299238
 2274959
 -301014
 2185600
-2934585
 2190503
 1606118
 1723285
 3410050
  237598
 -115893
 -748400
 2639130
-3410497
  546053
   44901
 3186329
-6577664
 -551311
-1310469
  103860
   90956
 -247274
  958132
-4284775
  -82623
-2368927
 1468717
-2454538
-3620478
 4051195
 1623157
 3665537
 4267569
  -20249
-2282255
 -540246
-5239584
  519483
 -391926
-1824315
 5033368
 -395709
  162549
-3032879
  792764
-1080972
 -904284
 -896292
  -36677
  306375
-1716498
-1087611
 1524041
  981572
-2850044
 -645591
-2626640
-1455877
 -285559
 1659213
 -491395
 -919029
 -667798
 2508424
  828138
  726217
-2158181
-1132750
 -783706
-1246079
 -963868
-1699031
-4182717
 2588012
  554440
-1892184
  682592
 1313744
-1251284
   82673
-2494355
-1093389
 1303368
 -894772
 5488664
 2048730
-2490300
   89290
-1061543
 1300101
-1178773
 4800851
-3207066
-2613705
-1318633
 1529786
  857200
-2417359
-2343858
-1351313
  127977
-3311002
 2852535
-4534160
 -668969
 4061338
 2089307
  318587
-3437938
 -828052
  152405
 3454451
 -368832
 -145685
 2213667
-3118384
   12045
 1938356
-3065107
  340961
 -691774
-1737687
  460178
-2235999
 3273667
 1167861
  853928
  899388
 3149966
-1374953
 3398092
-1336278
 -827322
-1014336
  165471
 -674144
  687004
  846367
 -412519
 -798298
 1265399
 1011451
 3625482
  -66445
 1462418
-1732797
 1390814
  -48504
  636944
 1584904
-3646983
  -87045
  393894
 1449705
  410054
   82537
 2133711
 1000698
-1310621
-2051306
 2272771
-2042892
 1517172
  889897
-3267263
-2039509
 -610814
 2889962
-1542465
  -59252
 -326119
  972728
 1333440
-2600975
 -967370
 -527470
-2860042
 3044372
 -366208
 1602485
-2293987
  758708
 -908171
  570581
-2642102
  794298
-2994437
 3560376
 -200019
 -872761
 1432716
 3695422
 -752662
  510015
-3480097
-1040466
  926845
-1065038
 2220380
-1582399
 1505803
  638042
-2121925
-1302685
-4241884
  430316
-1191963
 -971361
  167750
  195707
 1690873
  513432
 -729580
 -354505
   92896
 -282232
-2393969
 1784014
-1955881
 1353581
-2709652
-3211278
-2890044
-1014592
  -55487
  313021
-1190251
 1767565
-3486356
-1812320
 -271517
 1012470
-1969667
-1512868
-3999956
 -929989
-3604919
-2514322
 3256979
-3082449
  184768
 4183775
 -295960
   -7085
-4151327
 3235156
 1569776
 1084511
 -544222
 1765147
   49918
-1072905
 1203959
  224152
-2672343
 1275984
 1975713
-2977651
-1727381
 4483181
 -852258
-4203113
-1605539
 1376908
 -937362
 1185562
  -57659
 1025465
-3482074
  -37489
-1709186
  362982
  -73921
 4010762
 1985463
 3605119
-2400615
 1716316
 1528149
-2366649
 3541658
  -11861
 2688261
 -475824
-2684128
  734221
-1685581
 2882035
-2206710
 1283479
-1188326
 -385931
 1885133
-3389976
 -858091
 -236436
-1104364
 -415017
  640846
  876498
 7590545
 1503751
 2544994
 2493194
 1997579
-1062756
 -966168
  -92380
-1951336
-1551743
 3004101
 -282158
  378180
-3802497
 -868730
 3832096
 5249068
  548442
   51568
 1596134
 2427852
 1297223
-3273978
 1767283
-2564467
-1657127
 1538912
 2165125
 1429353
 1193380
-2492139
-5136847
-2405484
-5357393
 -115645
-1306576
-1347595
-3305645
  351696
-4441535
   75267
 1099218
-2310660
 2397141
 1655906
 -146547
-1775393
 1201255
  421542
-1629225
-2984365
 -707077
-1785274
-2145067
-1630619
 -443343
 2798622
 -841677
-3195407
 -518417
  148463
 1547497
 5746989
  273910
-1351440
  533044
  902793
 -161361
 1616210
-1774061
 -312043
 2165418
 2553020
 -960255
-1735386
 -428968
 1115725
 3731515
 2574925
 1412155
 1978058
 2161169
-1361595
 2884460
-2523758
 -869718
 1935496
-7430241
 1163528
  260666
-2143450
  718394
 1711781
-1108565
 -618236
-1506702
  979856
  842535
  463161
 2453539
-2086973
-2320596
 -450378
 -225969
  147396
 3280017
 1006926
 -767150
 1561861
 -830233
 3643103
 1067719
  417675
 1616250
 2187867
 -441288
-2006829
-2602056
  234049
 1686010
-5803314
  401515
 -853836
-2182541
-1046301
-3000475
-3013785
-2160264
-4040475
-1784579
 1201037
 -121667
 2778713
 -123795
 1749405
-2969882
 -710407
-2768789
-3517521
 1918056
 2038289
 1571356
-1724327
 -451378
 1196135
  634479
 5118520
 -844266
  -44685
 -618638
-2136494
-1517910
-1791373
  332748
  -74338
 1172728
 1782944
   -6280
  140992
  577056
 -175111
  100873
 2748637
-1680206
 1389597
  280229
  509627
-2070304
 2237147
  864211
 2612884
-4849887
  971456
 2940777
 4003029
 1165074
    5168
  409714
 -940371
  696785
-2772381
 -736935
 -155758
   23336
-3035236
-2012606
 3338366
 1141434
   86701
 2531576
  864702
-1415588
 3706178
 -620427
-1408173
 1285292
-2024852
 4873838
 -101800
-1605366
   60597
  -19040
 1588738
  747451
 3392260
 2663727
 -728910
  897390
  207611
-1313135
 -723402
-1465968
 4976237
-2888077
  401330
 4308549
 4737901
 1320917
-1399882
 2437954
 -159221
-3303263
  284819
 3660207
-4710890
 1051806
 1862587
-3915234
 2215138
  294182
  521328
 1350554
-1724801
  517015
-2049475
 -280375
 2595694
-3680072
  507708
 -490517
-3737321
  129435
 -978882
-2632158
 1004567
 -188619
 4269349
 -650404
 2663228
-3931364
   24990
-1465134
 2744834
-3239937
 -826683
-1516276
 2324899
 -324380
 5007535
-4120914
 -718766
-4098172
 -272513
  -59667
 2332077
  938521
 4573083
-3145411
 5498607
 -234727
 1912609
-1452752
-1992041
  312651
 1123346
 2442471
-2256687
  -68691
  245568
 3280816
-3127593
  516358
-1572012
  396737
-2890795
 1056907
 2948225
  988815
-1066100
 -380353
  298294
 1688653
 2658620
  607236
  555205
  793878
-1511232
-2604516
 3589395
  608084
-3423157
 2309467
  634695
  361920
 2119124
 1551423
-3583504
-1175148
  618355
 -384306
   53394
-1944798
  651245
  232688
  873309
-2655810
 -764866
 1136973
-1782249
 2770658
-2456589
 1121809
-2672845
-1194758
  589264
 1049376
 3319603
 2424137
-2607217
-2009368
-2463206
 1452974
 2772332
 1511848
 1102406
  503690
 -819681
 1068535
-1783248
-1667237
-2922895
-1556859
 -299359
-1057821
-3325182
  536301
-4006670
-1665313
  603580
 2638141
  571655
-1375727
  528945
-2080885
-2639569
 1083708
 4484811
 3696385
-2758904
 3963277
 2098530
 1068802
-1679438
 1928056
 -674569
 2967615
   29450
 3500907
-3568916
  553958
  -95127
-1564288
-2342445
 4626155
-3091356
 2734924
-2904943
 -444888
 -204865
 -252019
 -847793
 3339376
-2540427
-1487411
   83991
 1791449
   68434
 -224770
 2571985
 -325975
-1140270
-1686009
 2335318
-1391497
-1761410
  153067
-2237782
 1552465
 -943843
-5873348
 1624726
-1308728
 2172783
-1555755
 -720741
 3439210
  517444
-4400159
 1721990
 1969881
 1139335
-3452836
-3376993
 -422813
 2811931
  728588
-2325239
 3779828
-1578015
  -84624
  959420
 4260789
  208642
 -406699
 1861066
 -574589
 -187140
 -455232
 2008428
 1222452
-1237771
-1754892
-1474226
-3320320
  110231
-2840183
-1037714
-3226461
-2502507
-3853593
 -715644
  619422
  294342
-1549201
 2132841
  369394
-2010042
-1151660
 -739709
  529555
-1615312
 -250724
 2748634
 1327144
 1054902
-1829082
 2646937
 1386362
  -44415
 2404004
 -144864
-3835519
-1845311
 -199752
-2347115
 -377747
  891890
-1142117
 -778661
-4020988
 -514759
  474121
 2681301
  396735
 3268147
-2730056
 3006310
 2299967
   66159
 -211374
  518129
-1240143
 -188477
-3461864
 3105850
  294363
 6222236
   96489
  181044
 -384380
  195068
 -438016
-2298117
-1412118
 -603311
  644807
  595070
 1720279
-5492977
  373398
-1325762
  739293
 -972085
 -775709
  130501
 -208256
  796645
-2585134
-2336683
-1128245
 4912310
-2966230
 1560006
 2525301
  451694
  114941
-1202246
 5685054
  396895
 -577104
 3584447
 -595252
 3497445
 -729984
 1376117
 5847248
  450444
-1011717
 -229490
  645177
 1153237
 4269023
 -921405
-1155732
 -363760
-2069342
 1247830
-5308872
-2503565
 3038275
 3292763
 3938577
 2274403
 -584976
-1485796
 1866848
  768864
 2541247
-1717734
 1353149
-1081106
-3098230
 1989425
-1505015
 1759725
-1153117
-1756500
 3047690
  566105
-2710192
-4051351
-1975460
-2346601
  811522
  477657
-1948843
  919351
 1492607
-1852538
 1159381
-5663769
  472829
-1886631
-1335490
-2153933
-2664036
 1757800
 2672482
 1297625
 -640187
 1969261
 2727503
  360195
-2103142
-1712052
-2223250
 -784625
 -777042
  477071
  856855
   27769
 2371638
 2533365
-2721680
  419295
  -17496
 -382780
 2772412
 -604142
 4320103
-1234483
 -795594
 1216544
-1858257
  112485
-2641513
 -326826
-2373739
-2355271
 2227968
 3299403
-2382781
-2745951
-1736585
-1487547
 -228713
  494834
-1247055
 1632110
 -912397
 -810370
 1865446
  119735
-5477250
 -643302
-2860784
  -84418
-1727966
 2129648
 1304154
  319178
   22557
 6130346
 -764168
 1816339
  -55778
 1476246
-3345593
 5067047
 3628054
-2634895
-2337939
-1495897
 -388264
-1778525
 2759598
 1098188
-1827072
 -233405
 -667815
 1296811
-2172376
-1496063
 -896205
-1005327
-2785646
-1758233
-2430811
 4197974
  278635
 1056544
-1293961
 2692076
 -192321
-4095753
 2273015
-1136418
  543298
 2198221
-1930868
-2643840
 1910951
-1279633
-1068590
   93416
 -739655
 -610208
-4970921
-3231855
-1632755
 -736314
 3412963
 6057850
-1244131
 -112589
-1573306
  811747
   81159
 2357459
-2520314
-2528507
 -957448
  557042
   58292
-6095727
  804236
   29556
 2885835
-5583173
-1658083
 3806150
 2603502
 -169248
  669326
 -553618
 1369770
-1214103
 -392188
-2513661
-2458876
 2353124
 1025693
-2563651
  182253
 1106214
  -66701
  831345
 3906747
 4139338
 6194383
-1946883
-3573512
 2651486
 1976190
 2928759
  141718
 3078348
-3825646
  347708
-1370903
  266091
  -41191
  -29909
 5516577
-3799307
 2597639
  -41137
 3194788
 1542133
 2572473
  529703
  531021
 -826072
 -561207
 3733443
 3811764
-2892120
  864585
  276968
  269366
 -586093
  185207
 1814521
 2547120
 -121382
 -685442
  416445
-2596044
-2443515
 4055085
-1498593
 3026048
   31048
 4254986
-1989557
-2075677
  586856
-1741113
-1760515
 1901053
 -884779
   50115
 1391973
 -819677
 2240141
  879793
   13418
  -58123
  463873
-3204760
  254480
-2281381
 -696494
-1480902
 2728883
-3527282
  102378
-3199564
 2953692
  -93245
-4066628
-2885266
 2996847
 2913269
-2132971
-6250543
-1548917
-3786176
  356507
    5235
 1832882
  231740
-1153940
 1436995
-3574361
-1517707
-1770181
 4801080
 -145593
-1744746
  483848
  794722
-2679000
-3687668
-1904207
-1178547
-1683950
-2819036
  803276
-3705337
  961446
 1039988
 5628212
  418040
 -811638
 -653241
-2272804
-3747871
-1731803
 2886882
-2096953
 1587965
  973022
-2018475
-4243793
 1434179
 2162214
-1605635
-1432335
  776674
-1874864
   30086
 1566015
-4723410
-6003391
   16240
 1862038
-2137749
 -121372
 2075158
-1679203
 -351031
 3360300
 2375732
  337788
  614962
   12103
 -993481
 -996122
-2791205
 -205732
 1727461
   40533
 -690661
 1464416
 2663226
-2309263
 1082534
 1032304
 2713043
 1705245
 1259715
 1383188
 3388732
 1613579
 -897601
-2831454
 -724658
  703151
 2950423
  312357
  953616
 1646858
 1732233
-3615775
 1672346
  647672
 -477932
-1968364
  832476
 -763827
 -274590
-1961577
-1243355
 1229521
  193433
  512646
 2431665
 -578447
  816145
-2756904
 -265690
-2979770
-1045590
-2623692
  116496
-2896789
  732708
-1222150
 4672853
  114010
 1077952
 1875109
 2873710
-2644684
 -580004
-1003915
-3110185
-1449583
  802208
-3726641
   34701
 -315356
-2225084
 1092105
  448780
-2384047
-1211571
-3309706
 1681253
 3209143
 -989310
-1986451
  358927
-1989265
 3951064
 1608666
  619468
-1673239
-1900426
-2235008
 3094386
-2683585
 -331158
  113226
-3428559
-1934878
-3232988
 -113490
-1474855
-1384891
-2217777
-3141186
 -853319
-1950596
 -819016
  129534
-2191799
 -600883
-3013874
 2538315
 3580258
-3697738
 1392841
-3145328
 1492401
   70520
-1968728
-2437908
-1811497
  109063
  880295
-1744696
 -168027
  828778
 1219730
  209123
 -203462
-2374458
  345720
  350602
 -986913
 2186674
 2096348
 2378976
  486993
 1797841
 3480733
   94880
 2209013
-2467290
  177826
 1337054
-1338210
 2287670
-1887220
-1929891
-1801519
  913404
 1261316
 -316305
-2198517
 2744853
 3724845
  222342
 -478073
-1778396
-2184562
 -351432
  330723
 1340427
-5653896
-1120108
-3576276
 -407470
 2257469
  977862
 1412804
 1295479
  172174
  998467
-1518932
 -327379
 1638084
 3132754
-1061677
 -642817
 4279584
 -584501
-4503660
  350840
-1604705
 -201249
 2181615
-4313375
 3618031
-4224811
 -305951
 -103407
 1301915
 2586118
-1877006
  529073
-1859350
  694063
 2217604
 4838981
-3684662
 1319337
  684496
 5395264
 2596472
 -277842
 4615025
 2063820
-3727803
   57805
 3039257
 2122124
 -564083
-2898391
 2021396
 2742638
 4370704
 2222086
 1157371
-1216614
 -159861
 2262496
 -673903
-1078843
 -966164
-2027613
-2405266
 2169881
 1622265
-1426044
  967981
 2860028
 1559846
  517836
 -442354
 -181609
 2603427
-8129647
 4237621
  510242
 -449303
-1685992
-1675851
-4226353
  870642
 2191177
 -548120
 1575731
 4863175
  -99957
-1783541
 -883316
 1709816
-4394423
-1786478
-3115704
-4563160
-1028719
-1167106
-1520859
 4066983
    2936
-1000232
 2692333
-2262880
 6727838
 2833679
-2610781
 1001926
 1814258
-1529668
 -371521
 -870670
-1555492
 2307505
  411214
  465178
-1268111
 2180124
 1647309
-3463610
 1646834
-3186686
 3061249
 1143243
 -242271
  770577
 -994289
 3597195
 3899926
  918328
-2891289
 -502483
-3340278
 2582672
  388187
 -682274
 1806690
-5058238
 3005266
  899221
 1261577
-2190573
  148239
 1109502
  848434
 1069269
 -190828
 2239454
 1469721
 1218490
 -729326
 -144526
 1876645
-3751368
-1313514
  304448
 2043494
 2544081
-2142556
  121545
 5246296
 -500222
 -785119
 -654331
-1527763
 1350497
-5314249
-4254208
 2141134
 -586136
-2925984
 -576739
  728627
-1985433
 -811915
 3519121
-3136704
 -544897
  702009
  748769
 1670659
 -134292
-1378166
-3269056
 3559873
 5606508
  -18183
-1691848
-3408225
-2288944
-3863343
 1863895
 1238279
 3544377
 -135087
-1936266
-1854548
 -550316
 2181049
 1353597
   58651
  622078
  230647
 -576410
 3290723
-2175615
 1557825
  957338
-2911624
-1333498
 -582675
 2442598
 -713109
-3327821
  690847
  -17073
 2826230
 1482699
-1231687
-3096662
-2229715
-2568549
  914455
 -396870
  997642
-3815700
-2698608
-6775868
-2193747
 1779117
 1938945
  515582
 3105233
 1413431
-2401507
-5738961
-2189761
 -772761
 2140222
-1406016
 -288135
 -131294
-1482640
  403823
-1618329
 2804853
-2138394
 -109926
-4733846
 2346085
  637432
  840791
-2197970
 2810415
 1867823
-4371723
 -652140
 -358534
 -599500
-3852138
 -693423
 -555924
 3731725
-3227606
 -353873
-4524410
 -375250
 2072959
  -20427
   76217
  -85772
   -7382
 -377341
 1633048
-2330003
-1858981
-4477320
-2298228
 1059475
 3447794
 5953459
-1442133
  803336
-2489947
  801934
  578781
 4105154
  330477
  290715
-3691820
 1119375
-1565801
-3894091
-1759947
-2722536
 -525803
 -800896
 -893074
-2233481
 -865918
 -336924
 2045875
-1989580
-1986214
-1023881
-2828734
 1906956
-2273271
  126331
 -948604
  936541
 1477327
 2097260
 1624034
 3061382
 1401642
 2646609
   50628
 4120174
  101693
-3215661
 6016271
 1030667
 2486187
 -774850
-3890196
-3476977
 4525472
 -408988
-2711905
  465199
  769605
 -742908
  505443
  948935
-4173230
 2780068
  776398
 7342028
-4397955
-2093650
 2715896
-2255248
 3749406
-1217614
 1173838
 1756347
 1973568
 3027604
-2171886
 -981168
 1749397
  287113
-3146063
 -271012
-1556935
 2077276
-3366628
-3353485
  177511
 -781721
 -752002
-1566300
-1926905
 -592376
 2258299
-2676481
 -945820
  210498
 -634999
  749797
 2667028
-1960567
 2211161
 1143403
-1371025
-1903476
-1126631
 3814615
-1370683
 3268443
 2156961
 1430655
 2072667
-3004564
 1342588
 2142569
 3178564
 3416668
 4562935
 4163209
 -506406
-3483381
 -607913
-2362753
  117391
-5338188
 2257346
-3576538
  836201
 1494814
 1412681
-1399187
 2059520
 -332853
  875832
 -419938
 2581532
 2389780
 2087681
 2919111
 -113651
  727052
  915353
 -116336
 -207349
  563720
 2793954
-1219522
-1377773
-3823311
 3328900
-1005489
-2343007
 2093580
 1533699
   61088
 -387259
 -899048
-1341143
 -216412
 1801012
-1359815
  809419
-2810172
 -277646
  423175
 2239048
-1148505
  621922
 -174066
-1209260
   56468
  594660
 -876570
 4834631
-1036779
 -399018
 3589797
 1612135
-2542894
  287322
  -32178
-2449101
 6328055
-2750812
 4617957
 2773156
  -46660
 2031796
-1410651
 2421536
-3184856
-1047485
-1325433
  492978
-1261867
-2808500
 4158191
   93192
 -342266
-1116532
 -226576
 3035871
 2688470
 3369970
 -156200
 1895118
-2014974
-4269588
-2752914
 2308017
  333118
 -425508
-2895833
 1627525
 2014369
 2445244
-1520893
  135367
 3901357
 2602332
 1254483
-1285591
 1457625
 -570577
    1908
-2473665
-3349628
 -123361
  972385
-1156765
-1674545
  234008
-2688200
  161236
  503628
 -367353
 7573788
  282220
-2205578
-1796289
 6579007
-4057606
-1474477
-1310415
  204049
 -248064
-1422112
 2456279
-3339285
  174044
-3437553
  908141
-2250064
  395943
-2441377
-2905459
 1095288
 -770131
-3372536
 1327650
-2117287
  141646
 2883368
 -561444
 1411219
-3018204
-2080364
 -643444
 1541052
  354213
-4901270
-4412505
 2294075
  489146
-1340895
-3143213
-2522693
-1154875
-1497192
-5546980
-1983473
  895953
-3344139
  985008
 1326601
 -803680
 -215172
-2038288
-1438099
 -209763
   69072
 1300033
  345585
 -662700
  414702
 3575756
 1441456
-2483437
-1655682
-2517313
 1811551
-1345458
 4077293
-1835820
 1277366
-2112152
-3262766
 2716150
-1478714
 3427300
 -989318
 1739662
  862671
 2734115
 2261257
-2689304
 -916806
  660407
-4786133
 1052075
 1043486
 3306993
 2287470
  575103
  231887
  -35600
-1903579
-1242120
 3066061
-1649807
 -409816
 1230785
-1281843
 -735173
-1861894
 3064299
   16424
 2252601
-2969107
 1560707
  322961
  885219
 2190720
-1137159
-2296736
-3272574
 -439772
-2864817
 -739185
 -119530
  937731
 1677719
 -967547
-1144128
  152473
 -172899
   39531
 -686884
 -556309
 -488987
  752677
-1346460
 1521019
  256693
 -573349
 -548719
  459363
 -401784
 1758745
-1861727
 2754998
  867410
 1703969
 1790323
 1562089
 3150950
  489933
   99721
 -725380
-3275224
  497681
-2106430
-3320832
-1329258
-3472395
 2769080
 -107601
-3177833
 3350037
-2309380
-2302546
 -388244
 1945722
-4327807
-1624216
  431129
-2946363
  551578
-1280222
 -600777
 2991257
 1287494
-1666729
 1600503
 -137556
 1721244
 1998207
 2882682
   11821
 3779773
-5867591
 1682186
-1788897
-2407405
 1824648
-2812462
  470984
 2250625
-3354612
-2632393
  605063
 2813857
 1424713
 3353744
 -561400
-1088550
-2081222
 1074732
 4311101
 2221137
 4079407
 2062927
   40832
  -93414
 2024385
 2698376
-2633906
-2527694
 -841295
 1133454
-3084555
 -652112
-1157373
-2367166
 2002585
  623752
-1870200
 -159435
-2665142
  663322
 1546115
-4330865
  607791
 -726317
-1412922
 -894247
-2339735
   67115
-1290637
-2143425
 3170070
-1412697
-1794118
-1657305
-4488452
 3293035
 -209844
 -509105
 1684247
-2277873
-1596338
-1019276
   17037
-2432720
 -458531
 -828128
  631358
-3050475
 3395053
 2167165
 1793375
-2600091
 -676333
-5644476
 1761516
 -484873
 -999730
 -503835
  130084
 2574729
-3325695
-1911050
 -515510
  -16165
 3184411
-3788286
  784638
-1821211
 1734378
-1435292
-2214046
-1720844
 1191888
 5484096
 2078297
 4349706
-1737592
 1698403
-3021673
-1296560
 2118655
  341883
-2991281
  308535
  686564
-1929011
 3260104
-2912904
 1802976
 -924721
 -286441
 1441652
 3060298
-1591135
-1242392
  745206
-2459266
-1658641
  788038
-2189218
-2489124
-1767501
 -411640
 -747833
 1673061
 3334525
 1429373
-3082263
 1631225
 -339321
-2174368
-3574944
-3156058
-5146593
 5503024
 1018246
 3025068
-1811950
-4108113
 3281508
-1610451
 1591988
 3134874
-3758485
  758517
 -755281
-3437473
 1782590
-2051032
   97442
 -404525
-1597186
  754912
 1261466
-1826208
-2479412
-2611407
 -856616
  854068
 -988525
  357573
-3289173
-1449030
 2961382
 1323437
-3407171
 -203446
-1580150
-1414069
-1756311
  -82618
-1189448
 -276814
 3872783
-2558192
 -679059
-1832635
 3790227
-1160514
 1084041
  990609
-2756492
  632192
 -469661
 1960421
-4634868
-3161558
 5974032
  760660
 3109515
   29956
 -915376
 5564057
-2145403
 -720424
 3277350
  140037
-1849195
 -888979
-1488383
 -764935
 3293957
-2251196
 2309811
-2647072
-3040502
  558750
 1369008
-2459180
 1238306
 -671676
 2026409
 2344228
-2256171
 1154758
 -104830
  744336
 -717110
 -877796
-2213035
-2484866
 -399666
 -310331
 4188319
 1350734
  521062
-1092352
 -726531
-2352114
-1730863
   80418
 -493225
 -175670
-1231500
 2497265
 3424652
  956833
  527928
 -124328
-4229270
 2380300
-3991329
 4732365
 2264023
   39693
-4368263
 5358495
 -208052
-2667244
  746331
-1895544
-1286287
 1657866
 1280977
  216301
  559765
-1052642
 5809788
  988446
 -731875
 1505277
-1226806
  -73204
-4245157
-1592995
 -623082
 3848095
 1793406
-2431560
-1023901
 -812960
  279988
-2916891
 -457077
 2653301
 1547013
-2002416
-1815282
-1196419
 2750772
  439042
  -42258
-2398564
-2560303
-1188805
-4650070
-3020613
 1567566
-1323864
-3401773
-2351502
 3245229
-3414891
 2336908
  286976
-2543530
 -410547
  547150
  339939
 3620442
 3598733
-1229231
 -686167
-1984073
 2012917
 2558183
 1241547
-2939704
 1411104
  701281
 1343087
-1143168
  -47975
  231189
-3579921
 2744945
-2845492
-2093528
 -808975
-1174891
 2833824
 1595692
   52635
 1539545
  137841
-2094212
-1171069
 1252243
 2289186
 2549342
  144278
-1354194
 1017684
 3201344
 3194751
 2575749
 -131237
-3235062
 -435503
-1072747
 2127338
-1510512
 -823549
 -238665
 -922901
 2648526
  615890
-5140270
 1275255
-2129256
 -919910
 3141746
-2424725
-3998046
 2000915
 2437809
-2903833
-1523053
 2550514
-2959908
 -327508
  366948
 -611383
  388274
  245759
  726473
 1954862
  737571
 1452406
  637290
-3919361
  720181
-1871202
 5932767
 2693882
 1608747
  668986
 2231090
  762736
  196965
 1018620
 1306737
 1457568
  859716
-1690039
 2815133
-1427593
-1413048
 5589790
 2090498
  265523
 3197266
 -840423
  495300
-2602317
   57689
 2517291
-3036536
 2081636
 1923392
 -407977
  288889
-2960066
-3269436
  -83902
-2984229
-1082405
-5119061
 2380746
 3586938
-3593511
 5401707
-1864820
 -747231
 3862446
 1258266
   28417
 2854780
-3293927
-1277523
  200962
 -553582
 -613656
-2563903
-1948170
 1859410
 1002977
 3105112
-3770988
  437996
-2499217
 2754844
-1120906
  360743
  -11665
-1390150
-2652990
 4064883
   87965
  568806
-3150206
-1737908
 1684175
 -822621
  328202
-1884740
 1676468
-3446059
   25477
-1723542
-1263760
-3902473
 1577082
 -943959
 5961336
  -56525
  423504
-1310751
  462507
  752321
  731025
-2530567
-2768810
 2439708
  485535
 -850879
 3308113
 2329323
 2352251
 3658713
 4020573
-3027204
-1418722
 1535838
  200321
 1295806
  920520
-2314405
-3087534
  960652
-3429590
-1420700
-2162827
 -748015
 -167700
 1128243
-1912785
 3813302
 -261881
  322901
 2438202
 2107567
-1161876
-3891647
  568638
 4082793
 2911234
 3025412
-3565654
-1510686
 -243223
 2946375
  212885
 4643616
 1166768
 1621125
 -641943
 1812130
 -621571
 -913776
 3508549
  227737
 1476380
  -16851
 3469604
-1899471
 1192745
 5071064
 -836276
 5267921
 1426532
 1847228
 2529118
-2002435
 2395805
 2680889
  675462
-2861110
 4423418
 1870575
 -105747
  986516
 2493771
 -139688
 -501209
 -816388
  -35410
-3379227
-5131804
-1083224
-2316752
-1750055
 1433392
-1842049
 3941154
-1035301
 1334492
 3280270
 1114704
 3147740
 2570176
-1713533
-2744571
 2162017
 -160721
 2935393
-1433868
-1956147
 2895725
  -63340
  286293
-1354405
 1031530
 2847485
 2837525
-5155669
-1876976
 1367460
 4167857
-2542447
-2262071
 1065365
-1017375
 2186281
-1587301
 1810148
  -16069
-2165654
 1803290
  112365
-1230889
-2876577
 -472752
  978881
 1111809
 -574581
-1160214
  685994
  142256
-2700293
 -422545
 -197637
 -889181
  -56581
-1559872
 1518358
 2195089
 -554948
  389399
 -938039
 4291488
 2636310
  717837
 1665695
 -787845
-1532184
 2857585
  916948
 4250221
-1614831
-3119430
  928179
 1556523
 -945400
 -299211
-3316270
 1127680
 1165459
-1756463
 2064649
  702458
 1093491
  774193
 1087370
 -420708
 1469220
  790847
 2448605
-2378124
-2367572
-3913290
-2192754
 1447797
 1285773
  577769
 -764025
 -491573
 2002491
 3305211
 2712487
-1818810
 2176781
 3375855
 -438437
  908500
-2207912
  530217
-2601490
-1211857
-2161030
-1522809
 -575710
 -385236
  714433
 1034879
-2813076
 -548289
-1167556
-1001964
-2237937
-3083695
 -953016
 -291164
 -960009
 -216716
  466937
 -139988
 1245818
   46332
 1044918
  157620
 -681142
-1422719
 2033345
 -619721
 -730076
-1988811
 2759473
-2885729
-1410609
-1552635
-1450609
 3090588
 3636895
-2784241
 4140545
 2777057
-2831770
-1733795
 -999540
-3844723
-2290679
 2398201
 1797468
   48518
-4555687
  401491
-2272311
 -163131
 1294714
 1071266
-3182489
 2281864
-1517573
 1647290
 2680233
-2709897
 1271905
-2277443
  647815
 1530912
-1315214
  133102
-1104205
 2013234
 -818517
  656248
  321793
-1414397
 2782585
-2725487
 -224700
 1193507
-3095256
   72353
-2510900
-1548238
  799657
 2072969
 -267346
-2339078
-1928118
 3043526
   65805
-3581483
-1959814
  206441
 1806249
 -290910
 3502837
-2780731
 1039690
  331791
  556739
 -783352
-3564175
  998468
 4300769
-2635892
 1693889
 3369106
-2397758
-3062227
 1574609
-1177877
  764406
-1137801
  265026
   46887
  524168
 3119225
 -181511
 5680274
 1099147
  342104
-1075970
 3392539
 -558908
 -603119
-1542517
  198604
 2652477
  849506
-1245654
 1667141
-2079194
-1508957
 -834795
   97313
  907837
-3310174
 3468985
  613924
 -719117
 -175708
 -261737
  -50977
  517782
 2182566
 2421374
 1380283
 -525470
-2752792
-1188439
  574662
  -42842
 2942472
  719119
  995090
  709660
  618138
 -535020
 4882508
-1959675
 2764513
 -178574
  114913
 -261395
 -920428
 -442262
  624340
  438756
  270710
 -600261
-2091423
 2384651
-2438109
  411512
  614252
  103526
   71927
 -205745
 -729468
 2906933
-2368766
 1075313
 3177903
-1062600
-1575637
 1843823
 2405259
  212814
 1869557
  119123
 -543168
-1002434
  681632
 -946266
   87160
 2221537
 -619971
 4019473
 -940425
-1755956
-1420632
-4075638
 1054871
-2637381
-4537157
 -675698
  638300
 1144913
-1365117
 -822087
 1814732
-2883876
 -209090
-4804745
 2702973
 1782499
 2334137
 -222811
-1163604
 2607285
   80590
 2019618
 4502432
 1056567
 -575878
 1141377
  947128
 1394434
-1059677
-3033189
-1871696
  130616
-6835428
  195166
 -276137
  750684
-3613877
-2840634
 3960765
 -903174
 1844229
-2868230
-2252795
-1963768
 -579058
 4031880
 -695057
  834424
-3538540
-5057613
-3973712
-1922801
-3546759
-1184192
-2927414
 1083002
  -24907
 3202479
  503364
-2179149
  141021
-1179400
 1679112
 2265261
 2300474
 1714696
  191269
 -606035
 1977017
 3983786
 -254243
 2040761
 2474551
-1466540
-4058936
 1610334
-3747045
 -317459
-1911134
  -20112
  385404
-2255489
 -764591
 1523880
-2519981
 2446546
 -911103
-3362013
-1731728
-1582054
-2346931
-3509506
-1381979
 4365952
 1944187
-2608218
 2646165
 2316094
  346832
 2092657
-3620198
-3261292
-4710902
-3228392
 2256536
 -796074
 1200938
-1319461
-2175056
  661346
   56051
 2068725
 5383335
 -914967
 -159200
 1663727
 2803210
 -733549
-1330778
 -782488
 -710854
 -597317
 2338596
 1513862
 -704089
 -655281
 -970637
-1003050
-1662248
   43017
-3528901
  980885
 -831459
-3646404
-1297118
-3479482
  -81646
-2432181
 1025700
 3899475
 1391543
 5743566
 1124228
 -381201
 -561457
  297454
-2358081
-3293804
 1942115
 2903806
-2792475
 2659344
  291935
 2865062
-3088774
-2917425
  954864
 2127656
 -992281
 -374453
 4121663
-1875630
-1591546
 2343792
-3310835
-3057034
-2218251
 -648795
  463958
-1319993
 3253327
  553220
 1987099
-2895258
 1069786
 2679294
-5603080
-4064722
  753944
 1860831
  395683
 4032838
-1798580
  913833
   73423
  -62825
-1428246
 1637256
 1771794
 -208116
 2479323
 1015167
-4518757
-1874996
 4223479
-2061689
-1321484
  229210
-1963635
 4566795
-1081368
-5174283
-1301298
-1313102
   90085
 1648356
-3770202
 3643733
 1930870
 2304671
 1633536
 1589976
 -138785
 2194982
 1645205
-1996148
-1879762
 -590180
-1196658
 -283066
-1382462
-3602447
 4390705
 2231772
 1510971
-1153845
 2328812
 2579343
-4200819
 -403919
 2489585
   49882
  669314
 1173820
 2633705
 2642189
  752502
 2717103
 -725292
 -680525
 -863038
-4372574
 -595463
  621468
  757616
-1017512
  395683
 1500667
 1300242
 2448051
 -470008
 2143068
  622347
 -821802
   -5915
-3274503
 -354689
-1528343
 -994779
 2911952
 1955960
  -94493
-3764267
 1831892
 1694329
-1403463
-1025746
 -125321
 6009425
 3952123
  784651
 1355411
 4701281
 -707762
    3224
-1417738
 3815833
-1216276
 1454538
 1340671
-2724517
 3607163
-1795168
  528068
  266356
   23034
  -66278
-1566915
-1206795
  395995
 2718487
-2609463
-4545599
 -730269
-1144039
 -422744
-4504340
-1659953
 -900860
 3076650
  698235
 4235678
 1020988
 2655810
 3404047
-3293878
-3502091
-5116356
 1968339
-2566286
 2726915
 -847787
-2115753
 1883066
-4094288
 2842450
 -457909
 2604687
 1635427
 -908617
   76754
-1026958
 3519687
-2769583
 -216611
 -797597
  836907
 3205019
-3253708
-2819277
-1313268
  491435
 3503114
 -709802
 5309702
 5140021
 1415856
 2591748
  -88231
  -40343
-3925284
 -246659
 -512148
 -537270
-1868827
 1959987
-2210117
 4433974
  859441
 2218367
 1264508
 -233323
 1892935
  515032
-1240489
 2429495
  841177
 3085511
 2163961
 2135615
 -686965
 2025866
 -205497
-1716337
 2115901
 -389380
 -595557
 -558776
-1134614
  901909
 1471820
  624406
  932553
   92186
-1295914
 -372570
-1015346
-2276351
 1796292
 2468213
  130640
 2232265
 1214248
 1142692
 1677965
 1427400
 1038548
 1096160
 -757918
 1554683
 2186816
-4362142
-2341011
 2413227
 -983739
 1626223
 -390136
 2255152
 2396831
-1348980
 -465124
-1187660
 -573667
-2092133
  506322
  462727
   29242
 3006047
-1221585
  360522
  751751
-1636315
 1680831
 1653221
-4101875
-2619895
-2179686
 2000519
-4620756
  794318
-1661891
-1941979
-4745801
 2389486
-1569381
 2305530
  -59533
  660048
 2176653
  895329
 3331143
  550834
  358276
 3275393
-1692153
 1483722
-1543555
 2757030
  -26634
 -626692
 2514399
 4249070
-2669461
 6226962
-4011759
 1658777
  399481
-1123161
-3676412
-3525794
  787875
-1979535
  844347
 1118480
-3993930
-2753850
 2624996
-2845275
-3944921
 -481979
-2235272
 -469835
  685578
 2577391
  -36504
 2519388
  203960
   90196
-1162361
 -995522
-1342373
-4003742
-1905817
 2046384
  610823
  949695
 1788180
    -666
 -932703
 2260941
 1949806
  422974
 1203040
 -115607
 3515788
-1607980
-1258080
-2608714
  933641
  235353
 3239134
  102115
 3348257
-1008076
-5214689
-1589346
 -546641
-1089635
-1456003
   65978
  957518
   52607
  -27923
-2416096
  577951
   45315
 2501826
 1198915
 -560007
 2409129
  442521
 4392017
 2276524
 -966244
 1801220
 -934711
  102644
-1205877
  248749
-1448243
 -228560
-1914699
-1547721
 1809731
  586004
-1126048
 -532796
-2417878
-1310572
  458011
 2319909
-3180216
 -986499
  838895
 1240555
 2352918
 -244566
 3726296
-1439021
 -292272
 2751888
 6218559
  893050
 1707040
  397688
-2191112
-1263296
-2001619
-3299873
 2083048
 3924646
  760993
 -233215
  415680
  343143
 1065948
 4320671
 -670729
-3138755
-3054654
-2289760
  791832
  464055
 -719021
-3230815
-1208834
   57043
 -584810
 -276325
-1406449
 1841532
  142146
-1908128
 2300616
 2704819
  842676
   45049
-1386848
  128017
-1667254
-2502776
  155015
  154703
  -53944
 2118440
 -229984
-2380561
 2053544
 4084022
-2819495
-2884249
 3285631
-2651527
 -915077
-2070811
  249610
   68053
  807295
 -298766
  819883
-1924025
-2622550
  199125
 2528216
 2202550
  843782
 -440576
 -978702
 1261685
 -670885
 2587494
  826038
 -406691
-3401677
-1884361
-3626800
 1487902
-1950038
-3472775
-3881606
  567769
 1707182
 -477422
-2083254
 1885583
 4738624
-1056234
-1899754
 2787634
 3576007
 3496276
-2229307
   96454
-2044949
 1885293
-2371793
 1659981
  853520
-1866974
-1392851
-3537859
 3352020
-2270882
 2420454
-2050574
  570844
 2610821
   79809
 4740628
 -468762
-1790175
 1026495
-2374487
 -735577
  928113
-1321547
 1279448
 3029694
   49839
 -662500
 2156380
 3401463
 3562013
 1410640
-2982302
 1011391
 6060392
 2589102
  981513
  793785
-1236180
-2771919
-4078200
-1299922
 1200288
-2705774
 4058077
 3093628
-2141386
 1114941
-1633748
-1144960
 -521822
-3982673
  987107
  736813
  582346
 4175565
 -972671
  236015
 1806281
 4043525
 1218453
  540700
 2977704
  436953
  489222
 -353486
 -948057
 1392068
-1924263
  -71539
-2544488
   60437
 1006827
  212177
 -202119
-1362116
-1925265
 1436991
 -648316
 -272495
-1323746
-2242101
 4863851
-2032725
 -371794
 3218304
 3432584
 1226108
-2021478
-3134193
 -869154
 2720021
  154751
 -254015
-2326793
 -173149
-2924370
 -746539
-2080311
-1382610
 5041711
   34049
 2371695
-4510540
-1915683
 -316921
-2512109
 1464036
 1644623
 2558882
 -986756
 -396907
  972659
  473239
 1864704
-1074529
-3298939
 2963499
 -199361
  955240
-1241613
-1169731
-1792253
 1435810
-1270150
 1500412
 -686990
-3302831
 1145241
-2024838
-1004158
 -225936
-1180501
 1535440
-1048064
-1023764
 2334379
-1453006
-3683768
 5675386
  393192
-1042150
 5029379
 1161710
 2905154
   14756
-2571506
-2123239
-1152325
 1744594
 4285195
 -717356
-1104706
-1358492
 -636346
  351210
-1157531
-1073396
 2938090
-4055996
 -801086
 -969756
 2527997
 1971677
-1279453
-3692651
  398556
  678199
 1190050
-1559175
  696136
  513045
-1811076
  378329
 1133236
  559359
 -943267
 -958865
-1299104
-2054101
 3123087
-1693726
  572550
-2246175
 1017882
   45807
-1473029
-2349439
 -771683
 -242420
 -539318
 -998291
-2523400
-4950089
 2099475
 1912670
 1308260
-3696856
  441854
 2076803
  438522
 3594289
 2254035
 1819438
 1155395
 3985461
 -923677
 1216489
 1725016
-4416969
  531569
-2348094
 -838352
 -153211
 3380373
 5223108
  233621
  433991
 5751663
-1063833
-2326211
 2606389
 1101424
-2540680
  587084
-2741962
 1907585
 1654485
  994116
-1860045
-1972712
 -416190
-3038749
-1283812
 1641661
 -466160
  964975
-1828851
 1421266
  373261
 2250827
 -658577
-4778696
-3322500
 3357079
  809192
 1713310
 -603109
-4195956
 2583500
  862334
 3734251
 2279173
 5739654
-4036557
 3354567
 1732156
-1842564
-2373899
  571999
 1954205
-1864602
  112786
 1894941
 4136086
 1649411
  347807
 1941437
 1582734
 2711647
 -212024
-4271281
  208034
 2267396
 -866651
-2055402
 1821306
 1483402
 2734976
 3661858
-1579358
 -442750
-3145502
 1202909
-5595688
-3110424
-2158843
 -498747
 -172261
 1104462
 1010422
 -331844
 1624279
 1399657
 1189023
 2477137
-1041659
  521135
 4671088
  724869
 1130048
-1662401
-2267393
  703412
-4695448
 -989148
 2656805
-2819930
 2187677
  367159
-1853194
-2184100
  161485
-1418044
-3308479
 1651571
-1691173
  955670
  872523
   85962
 -542783
-1290284
-3937937
-1754380
-1233450
 -495634
  527313
 -160769
 1727511
-3070254
 5975759
  879334
-2856289
-2118297
 1777172
  553976
  180023
 -562986
  633591
 2347759
  -26062
-1521708
 -718222
  417047
 1417154
  206708
 1602182
-1126097
-1868979
 2530081
 2293118
  637935
-2081620
-5587903
-1385260
 -921573
 -383603
-2389238
  983231
 2531872
  725298
-1419114
 2110160
 -933610
 -480476
-2377606
 2816348
  628293
  293792
-2918279
 2398340
 2848200
  162051
  815492
-2402711
  834528
 3233249
  944172
-3391391
 -474745
 -927968
-2153650
 -437108
 1633146
 -492900
-1978261
-3551978
   28013
-1893088
-3536088
  104722
 2908189
-2861010
 2348511
 1555515
  280195
 3775934
 -809518
 2246476
 3089475
-2789945
 5564028
  -15218
  630377
-2761281
-2550598
 2514943
-1175733
 -363343
-1718574
 1767019
 3991884
-1380804
-1705843
-2609469
-1179597
  566446
  -82406
-1945572
 2061705
  -56374
  221954
 1340432
-1582918
  238106
  115583
  296015
 1006212
-1343406
-1006718
 -148899
 -325756
-3700202
   22368
  322062
  132302
  595622
 2142640
-1947123
-4836959
 -317188
-1650993
 3679996
 2957319
 1983984
 1219641
 -125241
 2221796
 1182077
-3349577
-1549932
-5516564
-3702588
-1881298
 1902302
 -409281
  435998
 -266489
 2335959
 2004323
 1293968
 -315415
-1039973
-3837782
-2728506
  706955
-1023767
 1748226
   28130
 1842965
 1928510
  294433
 3839673
-2838506
   38380
-1890274
-3654375
   17288
 -486474
-1489305
 2924458
 1134119
-2251089
 -682139
 1289903
 1047030
-2102775
 3952869
 -916434
 -308709
 1855023
 -470774
 -689757
  894204
 1260500
 4733049
  716428
-1311997
 -968512
 -343963
 1105511
-2739471
  194362
 1813370
 -404573
 1765465
   15865
-3450812
 1863981
-2255478
 1253785
-3110692
 -917329
-4502581
-2737255
 1110207
 3705226
 -496345
  396462
-2398908
 1383812
-2392856
  -62369
 -387175
-3940249
 2168261
-2861976
  111652
-2269989
  684535
  281583
 -811583
-1843944
 3281787
-1716335
-1920284
 -488412
 2194752
 -925923
 -931887
 1420563
 3199136
-2413694
-1807555
 -126551
 4465111
  -18015
 -942469
 2850784
 1896385
 1656849
-4426585
 1906431
  654984
-2010689
-2137283
-1320033
 1928666
 1623433
-1522981
 -650785
  -82385
 -573646
   14980
-1994170
 1057301
-2917159
  900820
 -469656
-5041461
 2118653
 1188577
 2580906
 2163526
  369083
 -750585
-1338598
-3530135
  335993
 1617761
-4293973
 2028210
  818596
  961945
  789596
-2022076
-3118724
  666132
  -66948
-2194377
-3089356
-1038713
 -157466
-7673028
 1837269
  584333
 2153286
 4139178
 1050427
-2686621
-2939063
 3344189
 2383356
-2066434
 2899101
 -854273
  -80521
-4844646
  113104
 -493546
 2172923
 1631644
 -285685
 1499419
 1663255
 4084804
 -423945
-1146522
-3828513
 1000592
 1031420
 1288037
  124111
-2805160
  457043
-1133089
-2412016
   91321
 2335505
 -401747
-2013700
 3063243
  -25953
  421006
-3077788
-1000280
 3251951
 2876606
-1391154
-2152548
 2417510
 -250500
-1183597
 4995395
 4476990
 -488584
-2754099
-1211495
 -239074
 1669014
  701685
 1411604
-2764830
-2809545
-2453907
 -466533
  973101
 -294630
 1908584
 -903823
  381599
-3437721
-2639759
-3811896
 4243924
-3766200
 3057079
 1675593
-4460519
-1861117
 2831507
-1928475
 2146029
 2588080
 -325880
-1191442
-3516789
 -158980
 1106048
  369314
-1719195
   27934
 3113715
  947675
 3142598
  936933
 -334659
-1147074
 1060682
  927043
  491729
-1313337
 -652183
 3227803
-3208560
 1348037
 -851051
-2995167
-1068000
  909757
-2447846
 4722335
 -239800
-1143485
  954618
-1092646
 1156421
   37718
-1926566
  931159
 2324629
 -458715
-2693660
 1578439
 -450357
 -908901
-2368112
-1691668
 2098739
 2291877
 3618599
-1190481
   82437
 1832795
 3271312
-1851294
-1241991
  408737
   59289
-1329325
-1446373
 2615718
  605779
 1623760
-2855482
-3643912
 1667361
  -70911
 1965035
 -646414
 2577213
  742152
-1515922
 -972458
-1197128
-2232861
 -128292
-3422395
 -814701
-4295811
  669739
 -187264
 2326181
 -361334
 2305388
-2481706
  868205
 -368742
 3886760
-2207893
  362160
 1790922
 3303503
  185737
-1044794
 1592888
 2360669
 1101457
 2701217
 2040386
-1801087
-1226742
 2443869
 1666845
-1152182
 1535171
 3315273
  309304
-3832671
 -935126
   62158
 -672984
  450893
 2929065
 1830244
-1270684
 1304258
-4482455
-4054043
  -89698
-1160217
 1516667
  604888
 -982539
-2131131
   40407
  -42001
-3838322
  511282
 2101897
 -888006
  658753
-1370184
-3507107
 2745468
-4565822
-1747482
 -988003
 -205371
-3787707
 1500579
 -354511
  823171
 1538625
 -642196
 1464767
  544734
 3171147
 1055659
 1257745
 1226396
-5281551
-1521911
 -379586
  -88466
 1421695
 1174237
-4820531
 2607402
-2942351
-1934729
 -152309
 -414914
-2772554
 1688253
   26339
 -387923
 -253783
-1299294
 2119134
-3630611
 -843097
-2612216
-1838575
 -656088
-3308122
 -772999
   29069
  636646
 2192657
-1411010
  633073
 -186902
 4634706
  175593
-1363543
  683176
-3345747
-2682100
 -333679
   93939
 -892558
 -910290
  226473
  -71249
  265944
-2781275
 -647415
 1095819
 2401839
-3242049
 -701584
-2335145
-1260940
 -725984
 1735092
-4028390
  406471
 2506092
 1516793
-5494156
 -920321
-1080504
 2321147
-3011694
  398094
-2510262
 1632529
-1179529
 5560305
 -610681
-1771800
 -130260
 2150135
 2010397
 3828297
 1389366
-1841566
 2346562
 4173999
 -732242
 2148769
   37098
 2696041
 -795462
-1570383
    7888
  786025
  181743
 -499088
  499992
-3456591
  969492
 1717590
 -149375
-2285154
-2966313
 -900075
-1902693
-1486984
 2679473
-2240003
  -36289
 -568783
  595384
  696050
-1110984
 1767389
 -814085
 -234710
 -590974
 2007149
 4188577
-2750683
 -519941
 1212385
 1115253
-1138013
-3038317
  162753
-2950036
-1342161
  872496
  170022
-2070542
-1880084
 4467224
-1680452
  -50089
-2339606
  624018
 2656903
-2185811
 1279174
 2783997
 1184178
  345450
 -171038
   57792
-1930138
 -592227
-1963513
 3435302
  -92869
-2415090
  920556
-4024803
 1158902
 2646712
 2391032
  478310
 2331722
-1746162
-5952245
 1909217
 -654749
 5597920
-4009061
 1001875
-2882468
 1944939
  175482
-2396268
  340773
-2253660
-1263842
 2498731
 -992011
-1094980
 2723275
  -27977
-1264157
 1590318
-3347164
-3128121
-1272856
 1375612
-1961426
  -24749
-1346740
-2478316
  349227
-2692402
 -561063
-1005396
 -628720
  251472
  312601
-2408576
-1131925
 -383098
 2153066
 1172488
  224180
-1399357
-1396373
 2189541
-2800209
-5171307
-3913435
  427957
  394427
-2344321
  994809
-1368954
-1110410
-1897021
  914155
 1074979
-1149739
  -48391
-1229130
  146856
 -845127
 2093207
  503322
-1897027
-1163007
   76397
 5356689
  938374
 2001278
  180578
-1265885
-1993677
 2299691
 3441045
 2623804
  148501
-1875332
 2644861
 5126853
-1624295
-1612603
  858517
-2615229
 2514871
 3012568
  228829
 2235431
 1186300
 1572488
  268305
-1333517
 1581478
 1926996
 -245558
 1883190
 2365054
  508073
   46274
 5037588
-2074270
 1388196
 3479551
-2516332
 1694626
-2679635
-1205630
 1296798
  424362
  757804
   -6854
-1299075
 6801929
  -68886
   62505
-1373893
 -227964
 1801646
-2054359
 3942748
-1249801
 1541022
-1809751
 1251086
 2729575
  406879
 -248316
 2940333
-3739044
 1463975
-4545250
 -927191
-1449148
 3183191
-2427048
-1474727
 1547864
 -482036
 -813826
-1181557
 1953803
 1488751
  753142
 1560639
 1165140
 3081738
 4090608
-4233947
-2834196
-1634746
 -543139
 2958453
-1937946
-2738178
-2154723
 1386969
  925808
 -601902
  109353
-4460864
  220885
-2603374
   36526
  193139
  268454
 3409077
 4376024
-3417681
  731422
-2574506
-3651055
 3287883
-1259612
 -290834
-2556504
-4321996
-1252154
 -325224
 -242761
 1739117
-3512042
 1552067
 1855295
 2293976
  787700
 2053963
 2358480
 -547366
-1915338
  547188
 -198790
-1420254
 -106282
 1607919
-1703962
 1819741
 3158286
  714975
 1170407
 -820509
 -202746
-3870722
  927950
 4708768
-1397091
  857212
  469584
  140112
 1260271
 -407588
 -576539
 2607589
 1008822
-1641688
 1833658
-5022744
-2459627
-2399751
-1159145
 -931405
 1257267
 5103733
-3094434
 1515027
 -639350
-2348328
-1856829
 2439145
-1734846
  632804
 2280779
  875040
 1424866
-2576092
 1363280
 -683841
-2235745
 -395807
-1359141
 -302731
 2974452
 3233579
-2978520
  698922
 1464201
-2588632
-2631278
  983635
 1731238
 -818200
 -539266
-2190479
 5300705
 3374459
-2603183
 1096139
   35076
-1269924
 -657304
-1511148
-1556286
 -348408
 -409394
-1498124
 -536762
 1711052
 1115967
 -690826
 1957387
-3012624
-1909093
  793250
-2369032
 2068880
-1644100
-1022690
-1314953
-1196155
-1469549
 3060771
  609637
 1505271
 1361264
 -809701
 -930744
 2131834
 -868684
  858033
  240503
 3850369
-2081466
-2845345
 3740223
 -814492
-2877364
-2540573
 -308862
 4200367
 1472684
-3059454
-1407622
-2883766
  529233
 2585611
 1648717
-1638986
-1400339
-2707040
 1038363
 -863569
 3243881
 1230295
-2069937
-5575350
 -520375
 4036991
 -745428
-1614309
-2520377
 6422693
-2305639
-3856618
-1341266
  674582
 1508064
  774214
 -703684
 2219273
 2758756
  412110
-3510236
-2127417
  494695
-2257804
-2397657
 1176389
 -360161
 1001694
-1388703
-2322409
  -48183
 -278264
 -506454
 2008240
  -77655
 2101470
  666721
-1043779
-1118194
 2032562
 5093203
-3216635
  809342
   49019
-2814822
-1895850
 -753767
 -320109
  715292
 1517957
-3445374
 1125464
-2452116
-2583777
  657479
  722303
-2169136
-3466696
-2041941
  -88769
 -132500
 3576075
-1457021
-1584627
-1711732
-1019316
-4882449
 -100522
 -349451
-2843373
-1212273
-1813974
  -42351
  776954
-2881197
 3688072
 3343650
 2006277
-2100212
 2643252
 2483420
  -33148
-1574990
 1213533
-1894767
-2133998
   97212
 1686083
 3705626
  854545
-1282385
-1887998
 1990286
 3728314
 -211155
-1098018
 1291850
 2107723
-1238163
-1341988
  -64477
 -415854
-1952026
 1306492
 -607328
 1357700
-2029737
 -912301
  528835
 1240540
 1051819
 4995609
  988118
 -386459
 3665078
-4021592
 -794330
 5591025
 3254399
-1368166
 1477804
 -602880
 -489396
 -555717
-1281310
  634877
 -724235
 2240857
 4869017
  247589
  717751
-1867044
-2893266
  410565
  702445
-1531726
 2045826
-1087279
 2586169
-1843206
  948341
-2756097
  464764
 3312975
 1966649
-2002241
 2999923
 1409130
 2086613
 1417699
 1939941
 1959792
-1091123
-3396436
  822050
-1529999
 2103584
-4632668
-3333177
 4494246
-1090391
 2953673
   21332
 2128225
 3148334
  867226
-1009744
 2846489
 -109081
  358908
 1064523
 2898043
 -735645
 3282544
-1923019
-2293106
 1702673
-1326999
-1316809
-1303840
  534159
-2610745
-4038011
 -177183
 3215598
  575004
-3598240
  488665
-1295068
  -71167
  842498
-4670699
 1315161
-3049631
-4016421
  149529
-2683205
   72778
  402744
  558023
-2390726
  170488
-2059363
-1231303
-3270740
-2929323
  600960
 -127656
 -911111
  212996
 1883867
 -524307
 1749752
  -78978
  -44082
 -609136
  567668
-2184165
-1645796
 1413068
-3024056
 1203402
 2997977
 3108970
-4520309
-2173110
-2200927
  685217
 3688246
-2042111
  139565
-3370690
-2782092
 1621997
-3493225
-1575848
 1395044
-2139752
  363035
-7131702
-1719877
 1206735
-1913810
 1635002
 4190056
 -210096
 2895004
-3141557
 -445702
  239197
-3001799
-3522572
 1018946
 -436415
-1318511
  555418
  781685
 1400976
 -312984
-2052731
 -138341
 2043896
 1407323
  132789
 1665152
 -196307
 1691803
  945421
-1585064
 3285637
 1696701
  487932
 -511930
-1125704
-1048178
 2593699
 1761803
 -196009
-4783765
 -756153
-4269406
-1625637
   54855
-2177235
 -590657
 -867043
 2607331
 1901977
-1391199
-1042451
 2301162
-4774011
-2884682
 2500988
-4394849
 -576981
 -472059
 4673600
  488490
-1744249
  768000
-1489035
  969589
-1283952
 -132193
-1329724
-1862819
-2258929
 1655946
-1779556
-2349334
  129127
 3573499
-2141287
 -541510
 2730496
 -699109
-1284292
-1378561
 1470730
 2441169
 2602916
  260221
 -126103
  437653
 2898067
-4917102
-2594983
 4741421
 1018937
 1910731
    5814
-1010656
 -111111
 2825791
-3113378
-2236540
-1916744
 1388117
-1006132
 -687673
 -246643
-1272966
-1786066
-3217355
-2296529
-3901649
-6230999
 1311297
-2112375
  494421
  697130
 4353005
 3205421
  646618
 -251610
 1223751
  184202
 2036575
  890701
 1362178
 -561125
 1446761
 -812867
 3331995
-2999902
  428081
    7814
 1262743
-3432144
 -503371
 -428679
-1338179
 -471814
 2544982
 3981392
 -917674
-1649964
  459540
 2078623
 1175194
 1458452
  919691
  363901
  615809
 -896669
-2789355
   18669
-2308645
  417808
 1419201
 -665335
 3153238
 -339594
  365713
 -733870
-1943566
 -511657
 1174407
 1417271
-4580891
  -46468
-3374491
 1948220
 3957288
-2665168
 1352117
-1491752
-1097347
-2439902
  359803
 2291481
   88608
  706219
-1915228
  203849
 1743452
  440767
-1202058
 1283992
 -342016
-1593132
-3218401
-2923631
 -107529
   88799
  873874
-1300414
 3458926
 3563870
 -507377
 1822793
 1064608
-3467005
-2541299
  239337
 1921273
-1266858
-1232613
 4355943
-3767480
 -581081
 3052621
  187864
 1148914
-2994697
-2314319
 -743168
-1792778
 -842046
  295736
-2224867
 4251936
 1293435
 2659777
-4364597
-2231281
  -98122
  142024
 1551492
 5779711
-1441079
 3250511
 2907904
 4435440
  742899
-4411107
 2061361
  692053
 2725045
  497478
  306920
 -969633
  332844
 -933416
 1282981
  812800
   29504
 1147418
-1458043
  406667
 1443483
 3409178
 -111686
 1916296
 1881954
 1241729
  181022
-1087704
 1226074
 2741143
  760372
  206724
-6486498
-1290641
 1120209
 1298408
  800024
 1941927
 4456744
 1893653
  631180
 -667268
 2969344
-1028340
 -988807
 -208311
 -203893
 -860419
-1451459
 -654650
 2483472
 2883241
 -307753
 1236550
-3727188
-2183828
 1759744
 4695433
-3921598
 -122983
 1354919
 -886571
 -110171
-2209774
-2621686
 2434762
 -343256
 4062749
 -387016
  729648
 -616237
  161953
  694636
-1580798
-1032465
  933492
 1545313
 -709335
  672802
 1018915
 -137442
 -300325
-3546835
-2888611
  579810
 1058085
-1902809
 2465353
  212966
 1834210
 2281105
-2406352
-2969738
-1588768
 -411031
-3347557
-1490992
-1917267
-2361357
  471371
 2834882
  885167
-2974569
     -91
 4381919
  342806
 2638764
 1688705
 -610899
-2994496
-1187710
 1289344
  968200
 4068907
 1553368
 1316120
 -789123
 2189088
 -867192
  340137
  218971
 1404835
 1904345
-1493261
 -243212
 1220882
-3213984
   21005
 2009379
 -972830
 1755153
 1045114
-3039533
 1971911
  121460
 2667405
  319231
  109315
-1150789
 3919571
 -558678
-2146005
-2237007
   51807
-4379910
  -95258
 -902012
-1363257
 1420145
 1181936
  482424
  184988
 2031963
-1132424
-1247022
-1491631
 1313590
 2834242
 -856586
 -917630
 1639686
-4160483
  582999
  925025
  961475
 4203015
-1211809
-1156371
-2430584
-2200560
-1577084
-2112810
-1750266
 4054772
-1059887
 -546965
 5052812
 -853536
 3530036
 1565785
 2254981
 1551387
  164518
-3104521
 2974704
-1172999
-1042583
  946362
   74017
 1118609
-1724786
  186101
 2213333
 -637023
 -887079
-4382074
  -23237
 1349506
  635451
 2382662
  265086
 1212180
-3554334
-3918753
 3071795
 4102113
 -410372
 -218202
-1643063
 5464314
-2174649
 -199796
 1108694
 -491334
 -883428
 -386855
 1141625
 -953858
  752622
-5364818
-1449038
  -84996
-3948866
 -730592
-1041778
 2341641
 2619995
 -639374
 1537502
-1277756
-2061547
  107631
  627402
-1270261
  896969
 -449372
-1054847
   15785
-2340155
 -582288
-1186058
 -475517
 2702744
-2279687
 -924594
 2487109
 3971443
 -658975
 1803769
  607491
-1318096
   39245
-4586702
 1465414
  515492
-2200600
 -124898
  507385
  551249
 1143417
  272072
  645206
 1136979
   96583
-3676099
 1117452
-2868843
-2049675
 -343653
-4181246
-4267448
-2339661
 3601532
-3807334
  665603
 2658590
 1691154
 1769023
 -372926
-3244358
  816486
 3297672
  121840
 1208188
 1436862
 1892413
-3975179
    5693
-1677234
   41509
-2737952
 1133563
 3006416
-1010823
 2265686
  507062
 3143175
 -768873
-1872534
-1851027
 1849317
-1641689
 2536520
-3571435
 1300588
 1972932
 2105689
 4951744
  -84430
 1711412
-1853522
-1425396
  522173
 1977037
  152432
 1755690
-1865089
 -677631
  807501
 2735552
 4987642
 1551338
 2440923
 1775610
 2542546
 1414755
 1801371
 5063051
   81166
 2127461
  906177
 2173032
-1125837
-3666899
-1205836
 3236653
 2790588
 3870481
-2651795
 -273662
 2696675
  365339
 -370464
 -513163
  252960
  873586
-3261869
-2001250
  -84124
 4391885
-3400163
 -323374
  757321
 1852415
  927527
 -281209
  495886
  765660
 -400697
-4539354
 1237255
-1323166
 -858858
 2781472
-2596659
 1058008
 2749621
-3204789
 2635504
-4487191
 2263139
 2988146
-2199094
 1130129
 2767202
-1623492
-1656259
  110744
 1840492
 1177578
  755877
-1795655
  -45686
 -525732
  463783
 -925304
  159168
  627463
 2714048
 3960422
 1323711
-3702877
  894732
  335540
 2307580
 4831798
 1527030
 2017844
 -429675
 3437095
 1948256
 2017683
-2151166
  119209
  460987
 1248484
-2250832
 3923515
-2017570
  758664
  560047
-2483308
-3612295
-1449648
 -548068
 -180769
 1558193
-1019440
 2035470
 2238923
-1702555
  391194
  -35212
 3704185
-3926466
  251215
-1691952
 -621458
  474936
 1082264
 1389090
-3412469
-2460531
 3885917
-1093372
 2243359
-2808333
-1430138
 1075436
 4299281
 1112817
 -416351
-2170778
 1739430
-2211884
-2401993
 4914029
  988145
-2022862
 1945584
  440559
 -244593
  764755
-1334603
-1445534
  735688
 3475083
-4093912
-1429768
-1031107
 3206884
 2770586
 1345077
  -41497
 1478236
 4368978
  684307
 2441895
 1271272
-1051139
 -467978
 3216021
-2702566
 1594452
 4863242
 -274529
   -2261
-3207314
 1012405
 -487770
 1682346
-1535476
-2760410
  999179
 2367434
-2383818
 1801759
 -466806
-1996452
 2122564
  351084
  792655
 2548484
  331626
-1757083
-1440093
-4882464
 -996331
-4092602
  -56740
 -890275
 3378078
 1367419
-2922835
 1319428
 -535387
-2615970
 1863884
   98750
  297408
 -111013
 1662551
 2027161
  -55453
-3779385
 2688360
  -61444
-1056281
 1907554
-3858264
-1103445
 2013768
-1105696
-3363733
 2520482
  561823
-2666234
  767827
 1210559
-3020344
-3774850
-2184229
-2216282
 3239894
-2389884
  875862
  482523
  177049
 3847415
 1594427
 -732784
-1242156
 -508769
-3906437
-4107402
  773612
  176037
 -623996
  641147
-1462210
-1226127
-3461238
 -917651
 6080308
 1695397
-2640190
-3427828
 4022969
  -61190
 -271260
 1791969
 -791389
 1352588
 3693121
 1206357
 3283209
  589419
   18402
-1185781
-4514836
 -731055
-2521549
  -88041
  -43405
 1398100
-1926771
-1043791
 -955149
 2051607
  226010
-2290831
   66763
-3014708
 -814550
 1251227
   64711
  -55624
 1220893
-4152966
  642123
-1831612
 -194076
 1320641
 3629018
 1944834
  232568
 3224096
 2402909
-1598938
-1270265
-1817948
  356992
 1451320
-1340857
-2407189
-5642687
-3200034
-4317393
-6010121
  737260
-1695330
 1359719
 -704989
 1621798
  398120
  163759
 1345679
 -876250
 -580509
  416071
-3893440
 -577605
  361782
 1651156
 1612198
 -575030
-2909568
  818906
-3336122
-1507041
 3361004
 -385418
  260285
-3375949
-1942749
 -136973
-4676128
  570406
 2337491
  -21147
-1732146
 2501492
   41985
-1043178
-3163559
  703380
 -384754
 -414707
 4293157
-3805044
-2037931
-1646940
-1558567
 5821855
  992989
-2351766
 1184079
  472777
-2767853
 1439562
 1329442
 2300713
 3323047
  246196
-3943336
  708682
 3088730
 -512905
  627402
 1618696
-1322486
  500752
 2109055
  737310
 3471115
 1463493
-1907445
  229805
-1280411
-3281438
  169947
  826249
  -26453
  -91974
-1489618
 1593272
-2490057
-2313528
 -704165
  215421
-1456788
 -912705
-2110758
 1498329
-1113508
 -841901
 3312721
-2973927
  517262
 1938926
 2201292
-5079732
 1179716
 2281245
 2852140
-1535439
 1244919
-2801745
  926444
  933345
  784511
 2252634
  -82838
 1219238
 3103596
 2708636
 3042317
-1781565
 1458290
 -264125
 2722845
  442660
 -263581
 -712054
 6033430
-2793321
 2928752
-1701356
 -964363
 1073409
 -923230
 2690979
 1405907
 -394231
 1979885
-2447376
 4089743
 1000284
  -84119
 4003769
 -127024
 2945787
-2870214
 1276717
 2271034
 -233286
-2570996
 1822069
-1032593
-3144981
  476995
 2564343
 -159194
 1254263
 3226619
 3353175
  225758
-2485831
-2992217
  778635
-2986329
-2015108
 1404077
 1707327
  497504
  609684
 -160311
-3951831
-3373596
 3259982
 -711103
  960947
-1928399
  346957
  701310
 1724119
 3454683
 -161176
 1184291
 1657122
-1754925
  592955
 3492326
-1568153
 2623605
 -973516
   -1009
-1601839
  959344
 2246438
  486496
  780010
 -636799
  698429
  281135
 1672280
 -926317
 1467188
 2077884
-3767449
 2283116
-1062624
-1303009
-2715832
-1963209
 2574317
 3266848
-2651509
 1994999
-1371866
  778477
-5402437
-1254840
-3262870
 -567971
  567912
 1520223
 1395384
  682146
  267679
 1183057
-3079507
-4127169
 1197341
 1971465
 -528525
  539526
 -649544
 1855892
 4035560
-1124856
 -317234
-2228874
  587905
 2201966
-1513430
  364805
 4732082
 1350732
  488631
  723100
-1217365
 2886763
-2540549
-1890378
-1976627
 1112750
 4461787
-3461966
-2082226
 -339271
 -623300
-1114530
 3845539
 -477150
  -55307
-4419777
-3888354
  682068
 -359448
-3936140
 -841299
 3094052
 2850283
-1856658
 1773204
 2007606
 1394225
  417414
  792569
-1286427
   43460
  335947
-1181010
  551075
-3152243
 1951625
-5278236
  405069
 4854381
 -714936
  751414
 2894359
 -479902
 -375690
 1393844
 -672344
-2073241
 4237008
 3549752
 2481379
-2558961
 2361789
  284955
 -328259
 -231941
 4243954
 -223428
 -808608
  133381
 1111025
-2319170
 3520234
  512074
 3349850
 1377753
 3418734
 -929487
-1861776
  260736
  858003
 1590791
-1161320
-2929580
 3587648
 2595661
-1383793
-1331277
 -682059
-2961744
 4863341
-1198703
 2411482
 1492689
 1252248
  120914
-2467633
 1751974
 3722928
-1777778
 3580310
 1633998
  230495
  930153
-3222443
 -346145
-1668726
  215417
-2584563
 -107850
  715865
  269267
 -718758
-1159432
 3295173
-1124807
  105178
 1644753
-2437745
  367010
  906028
-2320369
 4778571
 -504897
 2108107
 1744822
 2956962
 3567043
-3141728
-1439700
   12375
 1991201
 1332446
  312690
 2018901
 -150596
 -207644
 -527916
 -951420
 1701326
-2932039
 -252356
-1813678
 -354566
-2560002
 -585952
 -363958
 1539651
  -15662
 3077552
  440451
-2988606
 1530025
 2792707
 1208097
-3010951
-1666247
 1893207
 -593114
 2161908
-2626957
 2406197
  890104
  -41642
-1461754
 2122795
 2649277
-3384187
-4016868
 2188912
    7890
 1759096
  577349
-1123373
  819261
  993945
-3399792
  252449
 -226806
  496821
 1258426
  640530
  704711
  650642
 1378818
   70456
 3264797
 1342192
 3211726
 1024580
 -531375
 1241815
 1959389
-1980092
 -308739
  269937
-1336118
-2464185
-1135080
 1936669
-6197868
  776227
-3110099
-3132979
-4097076
-2392985
 1004149
-2020112
-3239314
-1757953
 -911013
 -372269
 4683702
-1454462
 2249587
 2351069
 1610370
-3204911
 1365141
   64978
 1372616
-3406139
 1052994
  380076
 1322407
 2091341
 1583836
-1080787
-2573569
 -133862
 2262289
-1181257
  398564
 2339128
 4159466
  466047
  797577
-1902277
-2117871
 2136142
 2626565
  592986
-3784475
 -445865
 2742945
 1300453
  320803
-2128971
-3857910
 -635772
-1102892
-2078752
 1714286
  675178
-1982161
 1514354
-1214830
-1671159
  505205
-1977171
-1432107
-2512134
  121228
-1366134
-2070160
 2105876
-2503929
  150259
 2747168
  107377
-8388607
-2318942
-1265591
  448668
 -222073
-2598374
 1438594
 -518012
-1301914
 1738679
 -163037
  443622
 -659840
-1674442
 -123342
  930624
-1659578
-3435815
 -698950
-1521633
  547692
  373306
 -880310
  996992
-1533181
 -224510
  -10040
 -499732
-2301372
-2425616
 2953250
-2421125
-3830401
 -572560
  188868
 -113889
  228098
  428735
  636372
-1183116
 -125294
  543369
  876827
-3537397
-4706330
-2717347
-1132875
  818861
 3039732
-1324240
 1957374
  194545
 3696798
  868671
  251841
-4229709
-3553973
-2903877
-2020343
-4947105
-1641152
 4274854
  614739
 -788834
  655565
-3635743
-3197429
-2588433
 4132964
  501632
  260034
 3742586
-1690771
-2488525
-3101796
-2487625
 4852440
 2279169
 1358149
 1037687
 3601807
  969752
 1109027
-3540893
 -774198
-1655704
  163481
 -675648
 3196524
-1464912
-1984152
  337049
  578717
-1750792
  892676
 1203916
-4661704
    4963
 1597589
-1783776
 2624242
  801355
 -749865
 1023406
 3630846
 5539132
-1354301
 4230264
-2433800
 -828377
-3295861
-1704635
-1739042
 1730365
-2260222
-1448586
-2330169
 6442815
 2141789
-1085431
-4854872
-4730397
-1182972
  689225
 1315745
  809752
-2390002
 1689759
 -414473
 1287923
 -648572
-3691247
 4417450
 -207704
-1060979
-1283473
 3171171
-1562212
 2620072
 3409187
  668028
 -138343
-1918461
-3694317
  656991
 2317793
  363500
-2592084
 1892382
 -409725
   -1907
-1365727
-1035232
 -164293
-1358356
-3582363
-3529972
-3964140
-3347736
 1345639
 2250887
  356224
-4529137
  280227
 1807339
  917582
  523728
-1035347
 1703133
 1530980
-1204584
 1459892
 -419604
 1080139
 1543441
  254225
 2474613
-2905317
  -76018
 1342655
-4299987
   -2610
  559653
 -407500
 1618053
  780880
  433576
-1721185
  108476
-1005586
-4365118
  858233
 1483278
-1469472
 1154349
-3369800
 1497388
 2599324
 -781874
 2287019
 2138845
 1632870
 4887542
  618164
-4146815
 1495101
 1417317
 2238349
  819097
 2078965
 1055783
 1074228
 2209837
-2617655
-1982669
 3856189
-3255439
-1174825
-2009399
 -536146
 1035542
-2164415
  634309
 6400606
 -471842
-2129648
 1670322
-2344288
  101415
-2129658
 1846356
-1608857
 1716340
-1465742
 -117611
 1072741
-2890134
 1236976
 2639571
 2283895
 -168155
 1640906
 5469923
 1551163
-1432109
-3408638
 2383768
-2476231
 2207031
 1839407
 -828889
  901067
-1544388
-1311748
  759192
-2142635
  460973
-1244281
-1665213
-1823149
 -957769
 1447760
  314988
-1127776
 4647974
 1442408
 1090192
-1973610
-3281412
  910129
  542669
 1409913
  446871
-3091073
 2249713
-4754224
  986082
-1499369
  256314
 1283793
 1941137
-2177958
  632235
-4307198
 3875496
 3302363
-1455626
 4209601
 1214133
-1229846
  196727
 -217392
 -819551
 2911353
-3310429
 6542038
-1848137
 3302868
 -466148
 1327894
-1284022
 2616433
-3450248
 3603577
  956562
   15323
 -640584
  406204
 1782370
 1119965
   12899
-1404708
-4166024
-2160107
 3462142
 -465477
  397925
 -147742
-2856663
  491795
 1013544
 2141365
-1353687
  -30905
 1193745
  -31262
 4516173
  127972
-2250089
 1438831
-4720194
 -914423
 2007963
-2034556
-1186446
  502473
-1240781
 1704058
 1748706
 -811197
 -368415
-1204362
-2740242
 -594881
-2418097
 -619312
 1310912
  594888
-1142425
 2037559
 -883669
  160995
 -100146
 1486192
 -319303
 2092245
-2438318
-1597675
-1555065
 -413255
  596463
-7216272
 -236219
-1262852
-3907560
  661237
 2605892
  956855
-7844632
  -29939
  338416
  513717
 1269913
 1663944
-1267225
  551107
  122836
 -824657
 4929708
  130111
  227827
-3192103
-2180392
  -26051
-4748598
 1567900
-2504963
 1739638
 1866924
 -155803
-4705468
  920734
-2325426
 2325570
  680588
 1901215
 1064966
  -92042
 1569457
  -22185
 2617481
 -255170
-1048473
  493205
 1767626
 3013091
-2357481
-1333325
-1972615
  461114
 -405250
-4360006
 3528445
  974926
 1903452
  175770
    4239
-1785676
-3368644
 4015568
-1210989
-1442801
  915461
-1280090
-1527356
 1595940
   65198
-2502374
 -238273
  -91577
  507999
 3648057
 2816024
 -138062
 2230886
 -302112
-1875583
-2123751
 2233184
-1868501
-1970022
  536559
 1541671
-2270975
-3754451
  681739
  352164
 2316199
 1253054
-3016854
-1411892
 3156778
  767044
-1619039
  426569
  387288
-1490167
 -328813
  401626
  181130
-2387661
 2921220
 2148216
 -269513
 -516027
 -537222
  481457
-1856007
 -347153
 3170421
 -163235
-2757703
 1275370
-1110950
 1200164
  366409
 -554256
  709288
-2661082
-2041044
 2885908
 3111122
  432887
  121655
 2085297
 -643309
   -9748
-2068003
  608934
-1677327
 1067713
  938402
 -265779
-3051978
 2236901
-1460345
-3648278
 1245571
 -151633
 3403867
 1616618
 1037589
-1600518
  -36255
-2610430
 2817540
-1480598
 2119321
 2855424
-3484041
-4077492
 3923116
-3266999
 1596728
 2506189
  283118
 -322555
  795086
 -594053
 2882644
  482116
   40456
 4742283
 2137174
-4255480
  360912
 1478541
-3699233
 1577418
-1162916
  586176
   -9912
  -37061
  805776
 1158575
 1425963
 3079845
 -907490
 1422058
 -767686
-1214565
 1028267
-2213037
-1474645
 -264887
 1976322
  497546
 -227699
  175861
 -943605
 3198119
 2199603
-4390160
  -60721
  972889
-1254408
 3183822
 3061224
 1846974
 1614105
-3022016
 1857344
 -166444
 3472080
-3440979
-2104559
-2522980
-3660293
-2384144
    7036
 3866097
 2152890
-1551857
  321689
  850879
-3386338
 -859230
 3189110
  460791
  407573
-2475864
-1108253
 -528050
 2509262
-1949641
-1175980
-1520317
 2393973
 3595911
-1778154
-4403921
  266527
 1109373
-1185278
 2199289
-2135328
  812120
-2076630
 1421439
 1253072
-1942153
 1337984
-5044942
 1374742
  329815
 2893972
  232735
  585461
-2436363
-1743241
   98689
 2025936
-1464273
  308410
 3323954
-2470310
  241810
 -161952
-1683884
 2349738
 2432628
-1088713
-3219203
-1111236
 1572118
 3948254
 1612818
 2287268
   42269
  568538
 1365177
 2690892
 2379669
 6242339
-1221122
  521283
 1570625
  -52849
 2308371
 1463991
-1876495
-1564979
-1313427
  632451
-1817200
-2756164
  722804
  199432
  264907
 -601326
 -382433
-1885675
  679877
-1856137
  184820
 3033615
 -105760
  947020
 1275631
-1704626
  373308
-2264080
 2783859
   39210
-1575803
-1081354
 1892453
 -796893
 6515581
 1568209
 4151063
  111058
-4058765
 4705924
  589102
  666415
 1788018
  662901
-1020602
 2939036
 2037606
 -148471
 4457160
-6071743
-1899230
-1982745
  556765
 1525900
 -430855
 3320025
-1256557
 -468380
 -672301
-3154194
-1667314
 -694257
-1116836
  719157
 3594229
 1982037
-1180594
  675475
-1579442
 1711837
-2112077
-3082982
  242206
-2126652
-1512816
  665859
 -698936
-1642222
 4229929
 3593019
 -118362
  938752
 1879921
-1812912
  -92438
-2042087
 3044847
  678396
 1323440
 1327446
  769645
 1249928
 2364765
-1121042
 -631623
 2523594
-2389539
 3979744
 -912076
 2039620
 -107828
  717876
-2872886
 -482194
 2129495
 1173797
 -587671
  625174
-2826636
 -540514
 -676964
-2534955
  648450
-2737277
 3102849
  201874
 1390968
  353461
-1581458
  353486
-4090241
 2955045
-2051171
-1927145
  291712
 2274259
  -78312
-7325783
 2710464
 1120715
 1903596
   76452
 1973362
 1285035
-3501073
-2352423
 2139884
  446006
 3318248
 2974392
 -675543
-4243875
 1649767
  933617
 1432007
-2904085
-1130433
 -185858
-1998966
 1094466
 4222111
 3247308
  982954
-6395120
-1434047
 1713003
 2587759
-2710829
-2713426
 1082241
  438201
  191254
 2459923
-2515844
 2212588
 -605823
-1074464
-2242657
  141679
  449313
 -700810
 -185700
 1773093
 1923437
-2725055
 1487347
 -119960
 3209362
 2465556
  338012
-2857725
-3226496
-4786990
-2048461
 1308842
-2059332
 1697915
   75151
 1315399
 2014305
 3297137
 -615705
 2143117
 1666951
-3615821
-2316264
-3697259
 1347269
  779883
  764567
 -594076
 -764948
 2772159
-1291287
 3005095
 1479110
  -96820
-5614892
-1192509
 2442527
 1547653
  409707
 -125054
   80090
 4479500
 1721575
 1178812
  937385
 2626306
 -245233
   12294
 -128188
 1454935
  247286
-3800875
 2839606
  -35436
-5452104
 2489184
 3622241
-1142626
-2175997
-4384621
-1090791
  830709
  914383
  -77718
  766776
 3137931
-1017665
-1710808
 -296215
 2848886
 3171966
-5152901
 2190012
 1765003
 1895794
-2468136
-4120096
 4266674
  423990
 -181664
-1199881
-3004503
 -286776
   37492
 2576516
 1239008
-4645823
 1233153
 -488650
-1832051
 1351113
-4316157
  736382
 -623462
 2561297
 -619018
-1906308
  190578
 2757670
-2109001
  108359
  378609
 -601431
 2386733
-2120494
-6706067
-2716812
 2624758
 3237183
 -445355
 1566823
 3186076
-2391234
 -308771
-2690189
   34671
 -231822
-4095577
 4623052
-1233273
 2506636
 -965920
  607561
  844011
-1378038
 2596148
 1925024
 -744560
-1124322
 2836991
-2755162
 -899762
 1100411
 2457509
 5203235
 -922720
 1869604
 -909431
-1892851
  894616
 -563365
  307844
 -929231
 4511100
 1239103
 -680056
-1275397
  378616
 1484752
  389265
 2051148
-3666334
-1759554
;