    5429
     808
    -122
     903
    1595
    -184
   -5596
  -14240
  -24090
  -32076
  -35122
  -31300
  -20654
   -5388
   10685
   23267
   28879
   25928
   15163
    -596
  -17344
  -31047
  -38692
  -38874
  -31809
  -18851
   -1788
   17753
   38545
   59579
   79594
   96625
  107857
  110001
  100145
   76868
   41182
   -3058
  -49563
  -90796
 -119682
 -131348
 -124389
 -101245
  -67622
  -31033
     970
   22575
   30783
   25795
   10561
  -10223
  -31241
  -47555
  -55253
  -51706
  -35614
   -7063
   32334
   79198
  128199
  172192
  202936
  212405
  194527
  146969
   72440
  -20974
 -120720
 -211839
 -279784
 -313353
 -307031
 -262150
 -186610
  -93249
    2703
   86472
  146301
  175230
  171893
  140347
   89149
   29944
  -24218
  -60681
  -69021
  -42812
   18834
  110221
  218894
  326609
  411657
  452327
  431074
  338557
  176661
  -40300
 -286704
 -529046
 -731134
 -860132
 -892289
 -817260
 -640254
 -381646
  -74184
  241680
  523547
  733095
  841554
  833962
  711745
  493242
  211987
  -87240
 -354349
 -541295
 -609952
 -539307
 -330696
   -9889
  374738
  758100
 1067740
 1235297
 1208258
  960031
  496524
 -141956
 -883980
-1635052
-2289412
-2743939
-2912371
-2737992
-2203207
-1334751
 -203752
 1079640
 2376793
 3535440
 4407377
 4867045
 4828681
 4259680
 3188056
 1702610
  -54653
-1903246
-3644303
-5083539
-6054110
-6436439
-6172575
-5273443
-3818296
-1946628
  156367
 2279085
 4205522
 5737738
 6716544
 7038357
 6666422
 5635143
 4046902
 2061518
 -120576
-2279646
-4199969
-5692449
-6613893
-6880841
-6476601
-5451088
-3913901
-2021845
   37495
 2064303
 3865455
 5272220
 6155384
 6436669
 6095542
 5170826
 3756841
 1994256
   56389
-1867792
-3592221
-4951918
-5818853
-6113853
-5813440
-4951127
-3613343
-1930648
  -65230
 1804101
 3498169
 4853748
 5738685
 6064591
 5795941
 4954570
 3618742
 1916516
   13850
-1901675
-3639753
-5026748
-5923552
-6239669
-5942247
-5059059
-3675429
-1925581
   20519
 1973520
 3742736
 5154341
 6068161
 6391601
 6089322
 5187577
 3772496
 1982197
   -6717
-1996959
-3790775
-5210281
-6115610
-6418848
-6092340
-5170661
-3746340
-1960077
   13373
 1982145
 3755510
 5161814
 6064653
 6375877
 6064270
 5159000
 3747388
 1967019
   -7221
-1980137
-3755771
-5157678
-6047830
-6341767
-6017609
-5116986
-3715068
-1960915
  -20306
 1920623
 3675731
 5075652
 5983480
 6308173
 6014347
 5127181
 3731387
 1963803
       0
-1963804
-3731388
-5127182
-6014348
-6308174
-5983481
-5075653
-3675732
-1920624
   20305
 1960914
 3715067
 5113411
 6019068
 6341028
 6043951
 5153068
 3753147
 1981095
   12549
-1956194
-3728838
-5129732
-6021958
-6320724
-6000773
-5097414
-3701619
-1950229
  -12550
 1925326
 3677307
 5074076
 5978778
 6300417
 6003661
 5113733
 3715388
 1945507
  -20306
-1985798
-3754724
-5151493
-6039250
-6333274
-6008383
-5099964
-3699069
-1942619
       0
 1942618
 3699068
 5099963
 6008382
 6333273
 6039249
 5151492
 3754723
 1985797
   20305
-1945508
-3715389
-5113734
-6003662
-6300418
-5978779
-5074077
-3677308
-1925327
   12549
 1950228
 3701618
 5097413
 6000772
 6320723
 6021957
 5129731
 3728837
 1956193
  -12550
-1981096
-3753148
-5153069
-6043952
-6341029
-6019069
-5113412
-3715068
-1960915
  -20306
 1920623
 3675731
 5075652
 5983480
 6308173
 6014347
 5127181
 3731387
 1963803
       0
-1963804
-3731388
-5127182
-6014348
-6308174
-5983481
-5075653
-3675732
-1920624
   20305
 1960914
 3715067
 5113411
 6019068
 6341028
 6043951
 5153068
 3753147
 1981095
   12549
-1956194
-3728838
-5129732
-6021958
-6320724
-6000773
-5097414
-3701619
-1950229
  -12550
 1925326
 3677307
 5074076
 5978778
 6300417
 6003661
 5113733
 3715388
 1945507
  -20306
-1985798
-3754724
-5151493
-6039250
-6333274
-6008383
-5099964
-3699069
-1942619
       0
 1942618
 3699068
 5099963
 6008382
 6333273
 6039249
 5151492
 3754723
 1985797
   20305
-1945508
-3715389
-5113734
-6003662
-6300418
-5978779
-5074077
-3677308
-1925327
   12549
 1950228
 3701618
 5097413
 6000772
 6320723
 6021957
 5129731
 3728837
 1956193
  -12550
-1981096
-3753148
-5153069
-6043952
-6341029
-6019069
-5113412
-3715068
-1960915
  -20306
 1920623
 3675731
 5075652
 5983480
 6308173
 6014347
 5127181
 3731387
 1963803
       0
-1963804
-3731388
-5127182
-6014348
-6308174
-5983481
-5075653
-3675732
-1920624
   20305
 1960914
 3715067
 5113411
 6019068
 6341028
 6043951
 5153068
 3753147
 1981095
   12549
-1956194
-3728838
-5129732
-6021958
-6320724
-6000773
-5097414
-3701619
-1950229
  -12550
 1925326
 3677307
 5074076
 5978778
 6300417
 6003661
 5113733
 3715388
 1945507
  -20306
-1985798
-3754724
-5151493
-6039250
-6333274
-6008383
-5099964
-3699069
-1942619
       0
 1942618
 3699068
 5099963
 6008382
 6333273
 6039249
 5151492
 3754723
 1985797
   20305
-1945508
-3715389
-5113734
-6003662
-6300418
-5978779
-5074077
-3677308
-1925327
   12549
 1950228
 3701618
 5097413
 6000772
 6320723
 6021957
 5129731
 3728837
 1956193
  -12550
-1981096
-3753148
-5153069
-6043952
-6341029
-6019069
-5113412
-3715068
-1960915
  -20306
 1920623
 3675731
 5075652
 5983480
 6308173
 6014347
 5127181
 3731387
 1963803
       0
-1963804
-3731388
-5127182
-6014348
-6308174
-5983481
-5075653
-3675732
-1920624
   20305
 1960914
 3715067
 5113411
 6019068
 6341028
 6043951
 5153068
 3753147
 1981095
   12549
-1956194
-3728838
-5129732
-6021958
-6320724
-6000773
-5097414
-3701619
-1950229
  -12550
 1925326
 3677307
 5074076
 5978778
 6300417
 6003661
 5113733
 3715388
 1945507
  -20306
-1985798
-3754724
-5151493
-6039250
-6333274
-6008383
-5099964
-3699069
-1942619
       0
 1942618
 3699068
 5099963
 6008382
 6333273
 6039249
 5151492
 3754723
 1985797
   20305
-1945508
-3715389
-5113734
-6003662
-6300418
-5978779
-5074077
-3677308
-1925327
   12549
 1950228
 3701618
 5097413
 6000772
 6320723
 6021957
 5129731
 3728837
 1956193
  -12550
-1981096
-3753148
-5153069
-6043952
-6341029
-6019069
-5113412
-3715068
-1960915
  -20306
 1920623
 3675731
 5075652
 5983480
 6308173
 6014347
 5127181
 3731387
 1963803
       0
-1963804
-3731388
-5127182
-6014348
-6308174
-5983481
-5075653
-3675732
-1920624
   20305
 1960914
 3715067
 5113411
 6019068
 6341028
 6043951
 5153068
 3753147
 1981095
   12549
-1956194
-3728838
-5129732
-6021958
-6320724
-6000773
-5097414
-3701619
-1950229
  -12550
 1925326
 3677307
 5074076
 5978778
 6300417
 6003661
 5113733
 3715388
 1945507
  -20306
-1985798
-3754724
-5151493
-6039250
-6333274
-6008383
-5099964
-3699069
-1942619
       0
 1942618
 3699068
 5099963
 6008382
 6333273
 6039249
 5151492
 3754723
 1985797
   20305
-1945508
-3715389
-5113734
-6003662
-6300418
-5978779
-5074077
-3677308
-1925327
   12549
 1950228
 3701618
 5097413
 6000772
 6320723
 6021957
 5129731
 3728837
 1956193
  -12550
-1981096
-3753148
-5153069
-6043952
-6341029
-6019069
-5113412
-3715068
-1960915
  -20306
 1920623
 3675731
 5075652
 5983480
 6308173
 6014347
 5127181
 3731387
 1963803
       0
-1963804
-3731388
-5127182
-6014348
-6308174
-5983481
-5075653
-3675732
-1920624
   20305
 1960914
 3715067
 5113411
 6019068
 6341028
 6043951
 5153068
 3753147
 1981095
   12549
-1956194
-3728838
-5129732
-6021958
-6320724
-6000773
-5097414
-3701619
-1950229
  -12550
 1925326
 3677307
 5074076
 5978778
 6300417
 6003661
 5113733
 3715388
 1945507
  -20306
-1985798
-3754724
-5151493
-6039250
-6333274
-6008383
-5099964
-3699069
-1942619
       0
 1942618
 3699068
 5099963
 6008382
 6333273
 6039249
 5151492
 3754723
 1985797
   20305
-1945508
-3715389
-5113734
-6003662
-6300418
-5978779
-5074077
-3677308
-1925327
   12549
 1950228
 3701618
 5097413
 6000772
 6320723
 6021957
 5129731
 3728837
 1956193
  -12550
-1981096
-3753148
-5153069
-6043952
-6341029
-6019069
-5113412
-3715068
-1960915
  -20306
 1920623
 3675731
 5075652
 5983480
 6308173
 6014347
 5127181
 3731387
 1963803
       0
-1963804
-3731388
-5127182
-6014348
-6308174
-5983481
-5075653
-3675732
-1920624
   20305
 1960914
 3715067
 5113411
 6019068
 6341028
 6043951
 5153068
 3753147
 1981095
   12549
-1956194
-3728838
-5129732
-6021958
-6320724
-6000773
-5097414
-3701619
-1950229
  -12550
 1925326
 3677307
 5074076
 5978778
 6300417
 6003661
 5113733
 3715388
 1945507
  -20306
-1985798
-3754724
-5151493
-6039250
-6333274
-6008383
-5099964
-3699069
-1942619
       0
 1942618
 3699068
 5099963
 6008382
 6333273
 6039249
 5151492
 3754723
 1985797
   20305
-1945508
-3715389
-5113734
-6003662
-6300418
-5978779
-5074077
-3677308
-1925327
   12549
 1950228
 3701618
 5097413
 6000772
 6320723
 6021957
 5129731
 3728837
 1956193
  -12550
-1981096
-3753148
-5153069
-6043952
-6341029
-6019069
-5113412
-3715068
-1960915
  -20306
 1920623
 3675731
 5075652
 5983480
 6308173
 6014347
 5127181
 3731387
 1963803
       0
-1963804
-3731388
-5127182
-6014348
-6308174
-5983481
-5075653
-3675732
-1920624
   20305
 1960914
 3715067
 5113411
 6019068
 6341028
 6043951
 5153068
 3753147
 1981095
   12549
-1956194
-3728838
-5129732
-6021958
-6320724
-6000773
-5097414
-3701619
-1950229
  -12550
 1925326
 3677307
 5074076
 5978778
 6300417
 6003661
 5113733
 3715388
 1945507
  -20306
-1985798
-3754724
-5151493
-6039250
-6333274
-6008383
-5099964
-3699069
-1942619
       0
 1942618
 3699068
 5099963
 6008382
 6333273
 6039249
 5151492
 3754723
 1985797
   20305
-1945508
-3715389
-5113734
-6003662
-6300418
-5978779
-5074077
-3677308
-1925327
   12549
 1950228
 3701618
 5097413
 6000772
 6320723
 6021957
 5129731
 3728837
 1956193
  -12550
-1981096
-3753148
-5153069
-6043952
-6341029
-6019069
-5113412
-3715068
-1960915
  -20306
 1920623
 3675731
 5075652
 5983480
 6308173
 6014347
 5127181
 3731387
 1963803
       0
-1963804
-3731388
-5127182
-6014348
-6308174
-5983481
-5075653
-3675732
-1920624
   20305
 1960914
 3715067
 5113411
 6019068
 6341028
 6043951
 5153068
 3753147
 1981095
   12549
-1956194
-3728838
-5129732
-6021958
-6320724
-6000773
-5097414
-3701619
-1950229
  -12550
 1925326
 3677307
 5074076
 5978778
 6300417
 6003661
 5113733
 3715388
 1945507
  -20306
-1985798
-3754724
-5151493
-6039250
-6333274
-6008383
-5099964
-3699069
-1942619
       0
 1942618
 3699068
 5099963
 6008382
 6333273
 6039249
 5151492
 3754723
 1985797
   20305
-1945508
-3715389
-5113734
-6003662
-6300418
-5978779
-5074077
-3677308
-1925327
   12549
 1950228
 3701618
 5097413
 6000772
 6320723
 6021957
 5129731
 3728837
 1956193
  -12550
-1981096
-3753148
-5153069
-6043952
-6341029
-6019069
-5113412
-3715068
-1960915
  -20306
 1920623
 3675731
 5075652
 5983480
 6308173
 6014347
 5127181
 3731387
 1963803
       0
-1963804
-3731388
-5127182
-6014348
-6308174
-5983481
-5075653
-3675732
-1920624
   20305
 1960914
 3715067
 5113411
 6019068
 6341028
 6043951
 5153068
 3753147
 1981095
   12549
-1956194
-3728838
-5129732
-6021958
-6320724
-6000773
-5097414
-3701619
-1950229
  -12550
 1925326
 3677307
 5074076
 5978778
 6300417
 6003661
 5113733
 3715388
 1945507
  -20306
-1985798
-3754724
-5151493
-6039250
-6333274
-6008383
-5099964
-3699069
-1942619
       0
 1942618
 3699068
 5099963
 6008382
 6333273
 6039249
 5151492
 3754723
 1985797
   20305
-1945508
-3715389
-5113734
-6003662
-6300418
-5978779
-5074077
-3677308
-1925327
   12549
 1950228
 3701618
 5097413
 6000772
 6320723
 6021957
 5129731
 3728837
 1956193
  -12550
-1981096
-3753148
-5153069
-6043952
-6341029
-6019069
-5113412
-3715068
-1960915
  -20306
 1920623
 3675731
 5075652
 5983480
 6308173
 6014347
 5127181
 3731387
 1963803
       0
-1963804
-3731388
-5127182
-6014348
-6308174
-5983481
-5075653
-3675732
-1920624
   20305
 1960914
 3715067
 5113411
 6019068
 6341028
 6043951
 5153068
 3753147
 1981095
   12549
-1956194
-3728838
-5129732
-6021958
-6320724
-6000773
-5097414
-3701619
-1950229
  -12550
 1925326
 3677307
 5074076
 5978778
 6300417
 6003661
 5113733
 3715388
 1945507
  -20306
-1985798
-3754724
-5151493
-6039250
-6333274
-6008383
-5099964
-3699069
-1942619
       0
 1942618
 3699068
 5099963
 6008382
 6333273
 6039249
 5151492
 3754723
 1985797
   20305
-1945508
-3715389
-5113734
-6003662
-6300418
-5978779
-5074077
-3677308
-1925327
   12549
 1950228
 3701618
 5097413
 6000772
 6320723
 6021957
 5129731
 3728837
 1956193
  -12550
-1981096
-3753148
-5153069
-6043952
-6341029
-6019069
-5113412
-3715068
-1960915
  -20306
 1920623
 3675731
 5075652
 5983480
 6308173
 6014347
 5127181
 3731387
 1963803
       0
-1963804
-3731388
-5127182
-6014348
-6308174
-5983481
-5075653
-3675732
-1920624
   20305
 1960914
 3715067
 5113411
 6019068
 6341028
 6043951
 5153068
 3753147
 1981095
   12549
-1956194
-3728838
-5129732
-6021958
-6320724
-6000773
-5097414
-3701619
-1950229
  -12550
 1925326
 3677307
 5074076
 5978778
 6300417
 6003661
 5113733
 3715388
 1945507
  -20306
-1985798
-3754724
-5151493
-6039250
-6333274
-6008383
-5099964
-3699069
-1942619
       0
 1942618
 3699068
 5099963
 6008382
 6333273
 6039249
 5151492
 3754723
 1985797
   20305
-1945508
-3715389
-5113734
-6003662
-6300418
-5978779
-5074077
-3677308
-1925327
   12549
 1950228
 3701618
 5097413
 6000772
 6320723
 6021957
 5129731
 3728837
 1956193
  -12550
-1981096
-3753148
-5153069
-6043952
-6341029
-6019069
-5113412
-3715068
-1960915
  -20306
 1920623
 3675731
 5075652
 5983480
 6308173
 6014347
 5127181
 3731387
 1963803
       0
-1963804
-3731388
-5127182
-6014348
-6308174
-5983481
-5075653
-3675732
-1920624
   20305
 1960914
 3715067
 5113411
 6019068
 6341028
 6043951
 5153068
 3753147
 1981095
   12549
-1956194
-3728838
-5129732
-6021958
-6320724
-6000773
-5097414
-3701619
-1950229
  -12550
 1925326
 3677307
 5074076
 5978778
 6300417
 6003661
 5113733
 3715388
 1945507
  -20306
-1985798
-3754724
-5151493
-6039250
-6333274
-6008383
-5099964
-3699069
-1942619
       0
 1942618
 3699068
 5099963
 6008382
 6333273
 6039249
 5151492
 3754723
 1985797
   20305
-1945508
-3715389
-5113734
-6003662
-6300418
-5978779
-5074077
-3677308
-1925327
   12549
 1950228
 3701618
 5097413
 6000772
 6320723
 6021957
 5129731
 3728837
 1956193
  -12550
-1981096
-3753148
-5153069
-6043952
-6341029
-6019069
-5113412
-3715068
-1960915
  -20306
 1920623
 3675731
 5075652
 5983480
 6308173
 6014347
 5127181
 3731387
 1963803
       0
-1963804
-3731388
-5127182
-6014348
-6308174
-5983481
-5075653
-3675732
-1920624
   20305
 1960914
 3715067
 5113411
 6019068
 6341028
 6043951
 5153068
 3753147
 1981095
   12549
-1956194
-3728838
-5129732
-6021958
-6320724
-6000773
-5097414
-3701619
-1950229
  -12550
 1925326
 3677307
 5074076
 5978778
 6300417
 6003661
 5113733
 3715388
 1945507
  -20306
-1985798
-3754724
-5151493
-6039250
-6333274
-6008383
-5099964
-3699069
-1942619
       0
 1942618
 3699068
 5099963
 6008382
 6333273
 6039249
 5151492
 3754723
 1985797
   20305
-1945508
-3715389
-5113734
-6003662
-6300418
-5978779
-5074077
-3677308
-1925327
   12549
 1950228
 3701618
 5097413
 6000772
 6320723
 6021957
 5129731
 3728837
 1956193
  -12550
-1981096
-3753148
-5153069
-6043952
-6341029
-6019069
-5113412
-3715068
-1960915
  -20306
 1920623
 3675731
 5075652
 5983480
 6308173
 6014347
 5127181
 3731387
 1963803
       0
-1963804
-3731388
-5127182
-6014348
-6308174
-5983481
-5075653
-3675732
-1920624
   20305
 1960914
 3715067
 5113411
 6019068
 6341028
 6043951
 5153068
 3753147
 1981095
   12549
-1956194
-3728838
-5129732
-6021958
-6320724
-6000773
-5097414
-3701619
-1950229
  -12550
 1925326
 3677307
 5074076
 5978778
 6300417
 6003661
 5113733
 3715388
 1945507
  -20306
-1985798
-3754724
-5151493
-6039250
-6333274
-6008383
-5099964
-3699069
-1942619
       0
 1942618
 3699068
 5099963
 6008382
 6333273
 6039249
 5151492
 3754723
 1985797
   20305
-1945508
-3715389
-5113734
-6003662
-6300418
-5978779
-5074077
-3677308
-1925327
   12549
 1950228
 3701618
 5097413
 6000772
 6320723
 6021957
 5129731
 3728837
 1956193
  -12550
-1981096
-3753148
-5153069
-6043952
-6341029
-6019069
-5113412
-3715068
-1960915
  -20306
 1920623
 3675731
 5075652
 5983480
 6308173
 6014347
 5127181
 3731387
 1963803
       0
-1963804
-3731388
-5127182
-6014348
-6308174
-5983481
-5075653
-3675732
-1920624
   20305
 1960914
 3715067
 5113411
 6019068
 6341028
 6043951
 5153068
 3753147
 1981095
   12549
-1956194
-3728838
-5129732
-6021958
-6320724
-6000773
-5097414
-3701619
-1950229
  -12550
 1925326
 3677307
 5074076
 5978778
 6300417
 6003661
 5113733
 3715388
 1945507
  -20306
-1985798
-3754724
-5151493
-6039250
-6333274
-6008383
-5099964
-3699069
-1942619
       0
 1942618
 3699068
 5099963
 6008382
 6333273
 6039249
 5151492
 3754723
 1985797
   20305
-1945508
-3715389
-5113734
-6003662
-6300418
-5978779
-5074077
-3677308
-1925327
   12549
 1950228
 3701618
 5097413
 6000772
 6320723
 6021957
 5129731
 3728837
 1956193
  -12550
-1981096
-3753148
-5153069
-6043952
-6341029
-6019069
-5113412
-3715068
-1960915
  -20306
 1920623
 3675731
 5075652
 5983480
 6308173
 6014347
 5127181
 3731387
 1963803
       0
-1963804
-3731388
-5127182
-6014348
-6308174
-5983481
-5075653
-3675732
-1920624
   20305
 1960914
 3715067
 5113411
 6019068
 6341028
 6043951
 5153068
 3753147
 1981095
   12549
-1956194
-3728838
-5129732
-6021958
-6320724
-6000773
-5097414
-3701619
-1950229
  -12550
 1925326
 3677307
 5074076
 5978778
 6300417
 6003661
 5113733
 3715388
 1945507
  -20306
-1985798
-3754724
-5151493
-6039250
-6333274
-6008383
-5099964
-3699069
-1942619
       0
 1942618
 3699068
 5099963
 6008382
 6333273
 6039249
 5151492
 3754723
 1985797
   20305
-1945508
-3715389
-5113734
-6003662
-6300418
-5978779
-5074077
-3677308
-1925327
   12549
 1950228
 3701618
 5097413
 6000772
 6320723
 6021957
 5129731
 3728837
 1956193
  -12550
-1981096
-3753148
-5153069
-6043952
-6341029
-6019069
-5113412
-3715068
-1960915
  -20306
 1920623
 3675731
 5075652
 5983480
 6308173
 6014347
 5127181
 3731387
 1963803
       0
-1963804
-3731388
-5127182
-6014348
-6308174
-5983481
-5075653
-3675732
-1920624
   20305
 1960914
 3715067
 5113411
 6019068
 6341028
 6043951
 5153068
 3753147
 1981095
   12549
-1956194
-3728838
-5129732
-6021958
-6320724
-6000773
-5097414
-3701619
-1950229
  -12550
 1925326
 3677307
 5074076
 5978778
 6300417
 6003661
 5113733
 3715388
 1945507
  -20306
-1985798
-3754724
-5151493
-6039250
-6333274
-6008383
-5099964
-3699069
-1942619
       0
 1942618
 3699068
 5099963
 6008382
 6333273
 6039249
 5151492
 3754723
 1985797
   20305
-1945508
-3715389
-5113734
-6003662
-6300418
-5978779
-5074077
-3677308
-1925327
   12549
 1950228
 3701618
 5097413
 6000772
 6320723
 6021957
 5129731
 3728837
 1956193
  -12550
-1981096
-3753148
-5153069
-6043952
-6341029
-6019069
-5113412
-3715068
-1960915
  -20306
 1920623
 3675731
 5075652
 5983480
 6308173
 6014347
 5127181
 3731387
 1963803
       0
-1963804
-3731388
-5127182
-6014348
-6308174
-5983481
-5075653
-3675732
-1920624
   20305
 1960914
 3715067
 5113411
 6019068
 6341028
 6043951
 5153068
 3753147
 1981095
   12549
-1956194
-3728838
-5129732
-6021958
-6320724
-6000773
-5097414
-3701619
-1950229
  -12550
 1925326
 3677307
 5074076
 5978778
 6300417
 6003661
 5113733
 3715388
 1945507
  -20306
-1985798
-3754724
-5151493
-6039250
-6333274
-6008383
-5099964
-3699069
-1942619
       0
 1942618
 3699068
 5099963
 6008382
 6333273
 6039249
 5151492
 3754723
 1985797
   20305
-1945508
-3715389
-5113734
-6003662
-6300418
-5978779
-5074077
-3677308
-1925327
   12549
 1950228
 3701618
 5097413
 6000772
 6320723
 6021957
 5129731
 3728837
 1956193
  -12550
-1981096
-3753148
-5153069
-6043952
-6341029
-6019069
-5113412
-3715068
-1960915
  -20306
 1920623
 3675731
 5075652
 5983480
 6308173
 6014347
 5127181
 3731387
 1963803
       0
-1963804
-3731388
-5127182
-6014348
-6308174
-5983481
-5075653
-3675732
-1920624
   20305
 1960914
 3715067
 5113411
 6019068
 6341028
 6043951
 5153068
 3753147
 1981095
   12549
-1956194
-3728838
-5129732
-6021958
-6320724
-6000773
-5097414
-3701619
-1950229
  -12550
 1925326
 3677307
 5074076
 5978778
 6300417
 6003661
 5113733
 3715388
 1945507
  -20306
-1985798
-3754724
-5151493
-6039250
-6333274
-6008383
-5099964
-3699069
-1942619
       0
 1942618
 3699068
 5099963
 6008382
 6333273
 6039249
 5151492
 3754723
 1985797
   20305
-1945508
-3715389
-5113734
-6003662
-6300418
-5978779
-5074077
-3677308
-1925327
   12549
 1950228
 3701618
 5097413
 6000772
 6320723
 6021957
 5129731
 3728837
 1956193
  -12550
-1981096
-3753148
-5153069
-6043952
-6341029
-6019069
-5113412
-3715068
-1960915
  -20306
 1920623
 3675731
 5075652
 5983480
 6308173
 6014347
 5127181
 3731387
 1963803
       0
-1963804
-3731388
-5127182
-6014348
-6308174
-5983481
-5075653
-3675732
-1920624
   20305
 1960914
 3715067
 5113411
 6019068
 6341028
 6043951
 5153068
 3753147
 1981095
   12549
-1956194
-3728838
-5129732
-6021958
-6320724
-6000773
-5097414
-3701619
-1950229
  -12550
 1925326
 3677307
 5074076
 5978778
 6300417
 6003661
 5113733
 3715388
 1945507
  -20306
-1985798
-3754724
-5151493
-6039250
-6333274
-6008383
-5099964
-3699069
-1942619
       0
 1942618
 3699068
 5099963
 6008382
 6333273
 6039249
 5151492
 3754723
 1985797
   20305
-1945508
-3715389
-5113734
-6003662
-6300418
-5978779
-5074077
-3677308
-1925327
   12549
 1950228
 3701618
 5097413
 6000772
 6320723
 6021957
 5129731
 3728837
 1956193
  -12550
-1981096
-3753148
-5153069
-6043952
-6341029
-6019069
-5113412
-3715068
-1960915
  -20306
 1920623
 3675731
 5075652
 5983480
 6308173
 6014347
 5127181
 3731387
 1963803
       0
-1963804
-3731388
-5127182
-6014348
-6308174
-5983481
-5075653
-3675732
-1920624
   20305
 1960914
 3715067
 5113411
 6019068
 6341028
 6043951
 5153068
 3753147
 1981095
   12549
-1956194
-3728838
-5129732
-6021958
-6320724
-6000773
-5097414
-3701619
-1950229
  -12550
 1925326
 3677307
 5074076
 5978778
 6300417
 6003661
 5113733
 3715388
 1945507
  -20306
-1985798
-3754724
-5151493
-6039250
-6333274
-6008383
-5099964
-3699069
-1942619
       0
 1942618
 3699068
 5099963
 6008382
 6333273
 6039249
 5151492
 3754723
 1985797
   20305
-1945508
-3715389
-5113734
-6003662
-6300418
-5978779
-5074077
-3677308
-1925327
   12549
 1950228
 3701618
 5097413
 6000772
 6320723
 6021957
 5129731
 3728837
 1956193
  -12550
-1981096
-3753148
-5153069
-6043952
-6341029
-6019069
-5113412
-3715068
-1960915
  -20306
 1920623
 3675731
 5075652
 5983480
 6308173
 6014347
 5127181
 3731387
 1963803
       0
-1963804
-3731388
-5127182
-6014348
-6308174
-5983481
-5075653
-3675732
-1920624
   20305
 1960914
 3715067
 5113411
 6019068
 6341028
 6043951
 5153068
 3753147
 1981095
   12549
-1956194
-3728838
-5129732
-6021958
-6320724
-6000773
-5097414
-3701619
-1950229
  -12550
 1925326
 3677307
 5074076
 5978778
 6300417
 6003661
 5113733
 3715388
 1945507
  -20306
-1985798
-3754724
-5151493
-6039250
-6333274
-6008383
-5099964
-3699069
-1942619
       0
 1942618
 3699068
 5099963
 6008382
 6333273
 6039249
 5151492
 3754723
 1985797
   20305
-1945508
-3715389
-5113734
-6003662
-6300418
-5978779
-5074077
-3677308
-1925327
   12549
 1950228
 3701618
 5097413
 6000772
 6320723
 6021957
 5129731
 3728837
 1956193
  -12550
-1981096
-3753148
-5153069
-6043952
-6341029
-6019069
-5113412
-3715068
-1960915
  -20306
 1920623
 3675731
 5075652
 5983480
 6308173
 6014347
 5127181
 3731387
 1963803
       0
-1963804
-3731388
-5127182
-6014348
-6308174
-5983481
-5075653
-3675732
-1920624
   20305
 1960914
 3715067
 5113411
 6019068
 6341028
 6043951
 5153068
 3753147
 1981095
   12549
-1956194
-3728838
-5129732
-6021958
-6320724
-6000773
-5097414
-3701619
-1950229
  -12550
 1925326
 3677307
 5074076
 5978778
 6300417
 6003661
 5113733
 3715388
 1945507
  -20306
-1985798
-3754724
-5151493
-6039250
-6333274
-6008383
-5099964
-3699069
-1942619
       0
 1942618
 3699068
 5099963
 6008382
 6333273
 6039249
 5151492
 3754723
 1985797
   20305
-1945508
-3715389
-5113734
-6003662
-6300418
-5978779
-5074077
-3677308
-1925327
   12549
 1950228
 3701618
 5097413
 6000772
 6320723
 6021957
 5129731
 3728837
 1956193
  -12550
-1981096
-3753148
-5153069
-6043952
-6341029
-6019069
-5113412
-3715068
-1960915
  -20306
 1920623
 3675731
 5075652
 5983480
 6308173
 6014347
 5127181
 3731387
 1963803
       0
-1963804
-3731388
-5127182
-6014348
-6308174
-5983481
-5075653
-3675732
-1920624
   20305
 1960914
 3715067
 5113411
 6019068
 6341028
 6043951
 5153068
 3753147
 1981095
   12549
-1956194
-3728838
-5129732
-6021958
-6320724
-6000773
-5097414
-3701619
-1950229
  -12550
 1925326
 3677307
 5074076
 5978778
 6300417
 6003661
 5113733
 3715388
 1945507
  -20306
-1985798
-3754724
-5151493
-6039250
-6333274
-6008383
-5099964
-3699069
-1942619
       0
 1942618
 3699068
 5099963
 6008382
 6333273
 6039249
 5151492
 3754723
 1985797
   20305
-1945508
-3715389
-5113734
-6003662
-6300418
-5978779
-5074077
-3677308
-1925327
   12549
 1950228
 3701618
 5097413
 6000772
 6320723
 6021957
 5129731
 3728837
 1956193
  -12550
-1981096
-3753148
-5153069
-6043952
-6341029
-6019069
-5113412
-3715068
-1960915
  -20306
 1920623
 3675731
 5075652
 5983480
 6308173
 6014347
 5127181
 3731387
 1963803
       0
-1963804
-3731388
-5127182
-6014348
-6308174
-5983481
-5075653
-3675732
-1920624
   20305
 1960914
 3715067
 5113411
 6019068
 6341028
 6043951
 5153068
 3753147
 1981095
   12549
-1956194
-3728838
-5129732
-6021958
-6320724
-6000773
-5097414
-3701619
-1950229
  -12550
 1925326
 3677307
 5074076
 5978778
 6300417
 6003661
 5113733
 3715388
 1945507
  -20306
-1985798
-3754724
-5151493
-6039250
-6333274
-6008383
-5099964
-3699069
-1942619
       0
 1942618
 3699068
 5099963
 6008382
 6333273
 6039249
 5151492
 3754723
 1985797
   20305
-1945508
-3715389
-5113734
-6003662
-6300418
-5978779
-5074077
-3677308
-1925327
   12549
 1950228
 3701618
 5097413
 6000772
 6320723
 6021957
 5129731
 3728837
 1956193
  -12550
-1981096
-3753148
-5153069
-6043952
-6341029
-6019069
-5113412
-3715068
-1960915
  -20306
 1920623
 3675731
 5075652
 5983480
 6308173
 6014347
 5127181
 3731387
 1963803
       0
-1963804
-3731388
-5127182
-6014348
-6308174
-5983481
-5075653
-3675732
-1920624
   20305
 1960914
 3715067
 5113411
 6019068
 6341028
 6043951
 5153068
 3753147
 1981095
   12549
-1956194
-3728838
-5129732
-6021958
-6320724
-6000773
-5097414
-3701619
-1950229
  -12550
 1925326
 3677307
 5074076
 5978778
 6300417
 6003661
 5113733
 3715388
 1945507
  -20306
-1985798
-3754724
-5151493
-6039250
-6333274
-6008383
-5099964
-3699069
-1942619
       0
 1942618
 3699068
 5099963
 6008382
 6333273
 6039249
 5151492
 3754723
 1985797
   20305
-1945508
-3715389
-5113734
-6003662
-6300418
-5978779
-5074077
-3677308
-1925327
   12549
 1950228
 3701618
 5097413
 6000772
 6320723
 6021957
 5129731
 3728837
 1956193
  -12550
-1981096
-3753148
-5153069
-6043952
-6341029
-6019069
-5113412
-3715068
-1960915
  -20306
 1920623
 3675731
 5075652
 5983480
 6308173
 6014347
 5127181
 3731387
 1963803
       0
-1963804
-3731388
-5127182
-6014348
-6308174
-5983481
-5075653
-3675732
-1920624
   20305
 1960914
 3715067
 5113411
 6019068
 6341028
 6043951
 5153068
 3753147
 1981095
   12549
-1956194
-3728838
-5129732
-6021958
-6320724
-6000773
-5097414
-3701619
-1950229
  -12550
 1925326
 3677307
 5074076
 5978778
 6300417
 6003661
 5113733
 3715388
 1945507
  -20306
-1985798
-3754724
-5151493
-6039250
-6333274
-6008383
-5099964
-3699069
-1942619
       0
 1942618
 3699068
 5099963
 6008382
 6333273
 6039249
 5151492
 3754723
 1985797
   20305
-1945508
-3715389
-5113734
-6003662
-6300418
-5978779
-5074077
-3677308
-1925327
   12549
 1950228
 3701618
 5097413
 6000772
 6320723
 6021957
 5129731
 3728837
 1956193
  -12550
-1981096
-3753148
-5153069
-6043952
-6341029
-6019069
-5113412
-3715068
-1960915
  -20306
 1920623
 3675731
 5075652
 5983480
 6308173
 6014347
 5127181
 3731387
 1963803
       0
-1963804
-3731388
-5127182
-6014348
-6308174
-5983481
-5075653
-3675732
-1920624
   20305
 1960914
 3715067
 5113411
 6019068
 6341028
 6043951
 5153068
 3753147
 1981095
   12549
-1956194
-3728838
-5129732
-6021958
-6320724
-6000773
-5097414
-3701619
-1950229
  -12550
 1925326
 3677307
 5074076
 5978778
 6300417
 6003661
 5113733
 3715388
 1945507
  -20306
-1985798
-3754724
-5151493
-6039250
-6333274
-6008383
-5099964
-3699069
-1942619
       0
 1942618
 3699068
 5099963
 6008382
 6333273
 6039249
 5151492
 3754723
 1985797
   20305
-1945508
-3715389
-5113734
-6003662
-6300418
-5978779
-5074077
-3677308
-1925327
   12549
 1950228
 3701618
 5097413
 6000772
 6320723
 6021957
 5129731
 3728837
 1956193
  -12550
-1981096
-3753148
-5153069
-6043952
-6341029
-6019069
-5113412
-3715068
-1960915
  -20306
 1920623
 3675731
 5075652
 5983480
 6308173
 6014347
 5127181
 3731387
 1963803
       0
-1963804
-3731388
-5127182
-6014348
-6308174
-5983481
-5075653
-3675732
-1920624
   20305
 1960914
 3715067
 5113411
 6019068
 6341028
 6043951
 5153068
 3753147
 1981095
   12549
-1956194
-3728838
-5129732
-6021958
-6320724
-6000773
-5097414
-3701619
-1950229
  -12550
 1925326
 3677307
 5074076
 5978778
 6300417
 6003661
 5113733
 3715388
 1945507
  -20306
-1985798
-3754724
-5151493
-6039250
-6333274
-6008383
-5099964
-3699069
-1942619
       0
 1942618
 3699068
 5099963
 6008382
 6333273
 6039249
 5151492
 3754723
 1985797
   20305
-1945508
-3715389
-5113734
-6003662
-6300418
-5978779
-5074077
-3677308
-1925327
   12549
 1950228
 3701618
 5097413
 6000772
 6320723
 6021957
 5129731
 3728837
 1956193
  -12550
-1981096
-3753148
-5153069
-6043952
-6341029
-6019069
-5113412
-3715068
-1960915
  -20306
 1920623
 3675731
 5075652
 5983480
 6308173
 6014347
 5127181
 3731387
 1963803
       0
-1963804
-3731388
-5127182
-6014348
-6308174
-5983481
-5075653
-3675732
-1920624
   20305
 1960914
 3715067
 5113411
 6019068
 6341028
 6043951
 5153068
 3753147
 1981095
   12549
-1956194
-3728838
-5129732
-6021958
-6320724
-6000773
-5097414
-3701619
-1950229
  -12550
 1925326
 3677307
 5074076
 5978778
 6300417
 6003661
 5113733
 3715388
 1945507
  -20306
-1985798
-3754724
-5151493
-6039250
-6333274
-6008383
-5099964
-3699069
-1942619
       0
 1942618
 3699068
 5099963
 6008382
 6333273
 6039249
 5151492
 3754723
 1985797
   20305
-1945508
-3715389
-5113734
-6003662
-6300418
-5978779
-5074077
-3677308
-1925327
   12549
 1950228
 3701618
 5097413
 6000772
 6320723
 6021957
 5129731
 3728837
 1956193
  -12550
-1981096
-3753148
-5153069
-6043952
-6341029
-6019069
-5113412
-3715068
-1960915
  -20306
 1920623
 3675731
 5075652
 5983480
 6308173
 6014347
 5127181
 3731387
 1963803
       0
-1963804
-3731388
-5127182
-6014348
-6308174
-5983481
-5075653
-3675732
-1920624
   20305
 1960914
 3715067
 5113411
 6019068
 6341028
 6043951
 5153068
 3753147
 1981095
   12549
-1956194
-3728838
-5129732
-6021958
-6320724
-6000773
-5097414
-3701619
-1950229
  -12550
 1925326
 3677307
 5074076
 5978778
 6300417
 6003661
 5113733
 3715388
 1945507
  -20306
-1985798
-3754724
-5151493
-6039250
-6333274
-6008383
-5099964
-3699069
-1942619
       0
 1942618
 3699068
 5099963
 6008382
 6333273
 6039249
 5151492
 3754723
 1985797
   20305
-1945508
-3715389
-5113734
-6003662
-6300418
-5978779
-5074077
-3677308
-1925327
   12549
 1950228
 3701618
 5097413
 6000772
 6320723
 6021957
 5129731
 3728837
 1956193
  -12550
-1981096
-3753148
-5153069
-6043952
-6341029
-6019069
-5113412
-3715068
-1960915
  -20306
 1920623
 3675731
 5075652
 5983480
 6308173
