        0
        0
   157488
   157488
   875570
   875570
  1720738
  1720738
  2505912
  2505912
  3203276
  3203276
  3787780
  3787780
  4238106
  4238106
  4537688
  4537688
  4675536
  4675536
  4646780
  4646780
  4452802
  4452802
  4101090
  4101090
  3604692
  3604692
  2981568
  2981568
  2253796
  2253796
  1446788
  1446788
   588530
   588530
  -291166
  -291166
 -1161530
 -1161530
 -1991726
 -1991726
 -2751970
 -2751970
 -3414726
 -3414726
 -3955914
 -3955914
 -4355978
 -4355978
 -4600766
 -4600766
 -4681964
 -4681964
 -4597302
 -4597302
 -4350374
 -4350374
 -3950298
 -3950298
 -3411256
 -3411256
 -2751984
 -2751984
 -1995224
 -1995224
 -1167164
 -1167164
  -296788
  -296788
   585062
   585062
  1446806
  1446806
  2257294
  2257294
  2987196
  2987196
  3610314
  3610314
  4104572
  4104572
  4452818
  4452818
  4643312
  4643312
  4669914
  4669914
  4532054
  4532054
  4234620
  4234620
  3787778
  3787778
  3206744
  3206744
  2511512
  2511512
  1726336
  1726336
   879034
   879034
        0
        0
  -879034
  -879034
 -1726336
 -1726336
 -2511512
 -2511512
 -3206744
 -3206744
 -3787778
 -3787778
 -4234620
 -4234620
 -4532054
 -4532054
 -4669914
 -4669914
 -4643312
 -4643312
 -4452818
 -4452818
 -4104572
 -4104572
 -3610314
 -3610314
 -2987196
 -2987196
 -2257294
 -2257294
 -1446806
 -1446806
  -585062
  -585062
   296788
   296788
  1167164
  1167164
  1995224
  1995224
  2751984
  2751984
  3411256
  3411256
  3950298
  3950298
  4350374
  4350374
  4597302
  4597302
  4681964
  4681964
  4600766
  4600766
  4355978
  4355978
  3955914
  3955914
  3414726
  3414726
  2751970
  2751970
  1991726
  1991726
