               0
              -1
               0
               0
              -1
               0
               0
               0
              -1
               0
               0
               0
               0
               0
               0
              -1
              -1
               0
               0
               0
               0
              -1
              -1
              -1
               0
              -1
               0
               0
              -1
              -1
              -1
               0
               0
               0
               0
               0
              -1
              -1
               0
               0
              -1
               0
               0
               0
              -1
              -1
               0
               0
              -1
               0
               0
              -1
              -1
               0
               0
              -1
              -1
               0
               0
              -1
              -1
               0
               0
              -1
              -1
               1
               0
              -2
              -1
               1
              -1
              -2
               0
               1
              -1
              -2
               1
               1
              -2
              -2
               1
               1
              -3
              -2
               2
               0
              -3
              -1
               3
              -1
              -4
               0
               3
              -2
              -4
               2
               3
              -3
              -5
               3
               3
              -5
              -4
               5
               2
              -7
              -2
               7
               0
              -8
               0
               8
              -2
              -9
               3
               8
              -6
              -9
               6
               8
              -9
              -8
              10
               6
             -13
              -5
              13
               2
             -16
              -1
              16
              -2
             -18
               5
              17
              -9
             -18
              11
              16
             -16
             -16
              18
              13
             -22
             -11
              24
               7
             -28
              -4
              29
              -1
             -32
               5
              32
             -12
             -33
              17
              31
             -24
             -30
              29
              26
             -36
             -23
              40
              17
             -46
             -11
              50
               3
             -54
               4
              55
             -15
             -57
              23
              55
             -34
             -53
              44
              48
             -55
             -43
              63
              34
             -73
             -26
              80
              13
             -87
              -1
              91
             -15
             -94
              29
              93
             -47
             -91
              62
              85
             -80
             -77
              96
              65
            -112
             -51
             125
              33
            -137
             -14
             145
             -10
            -152
              33
             153
             -61
            -153
              87
             145
            -116
            -135
             142
             119
            -169
             -99
             193
              72
            -216
             -42
             233
               6
            -248
              32
             256
             -76
            -259
             121
             254
            -170
            -242
             219
             221
            -269
            -193
             316
             153
            -363
            -105
             404
              46
            -441
              22
             470
            -101
            -492
             189
             500
            -289
            -498
             397
             478
            -519
            -443
             647
             381
            -792
            -295
             946
             169
           -1120
               4
            1313
            -256
           -1549
             611
            1834
           -1156
           -2160
            2188
            2551
           -4848
           -3055
           19861
           40304
           22969
          -27425
          -65259
          -57063
          -13170
           34186
           60665
           54521
           16362
          -33814
          -63884
          -54919
          -14973
           31804
           61116
           57071
           20014
          -29250
          -61185
          -58277
          -24128
           22605
           57819
           61920
           31593
          -15911
          -53914
          -63039
          -39581
            4723
           47217
           64840
           48102
            6834
          -37242
          -62538
          -56558
          -21655
           24474
           57845
           62060
           36061
           -7338
          -47521
          -64696
          -50101
          -11377
           32229
           60396
           60396
           31966
          -11741
          -49780
          -64361
          -49508
          -12416
           30422
           59701
           61872
           36191
           -5222
          -44046
          -63735
          -55727
          -23307
           19152
           53012
           64177
           48430
           12344
          -29074
          -58254
          -63049
          -42029
           -4136
           35441
           60816
           61619
           37718
            -889
          -38908
          -61787
          -60710
          -36033
            2463
           39730
           61805
           60738
           36977
            -623
          -37872
          -60966
          -61823
          -40450
           -4537
           33021
           58670
           63443
           46072
           12817
          -24868
          -53979
          -64492
          -53077
          -23956
           13042
           45705
           63221
           59881
           37086
            2494
          -32806
          -57646
          -64159
          -50428
          -21068
           14639
           45781
           62916
           60880
           40490
            8140
          -26476
          -53252
          -64414
          -56797
          -32845
             343
           33312
           56852
           64424
           54048
           28846
           -4092
          -35826
          -57861
          -64350
          -53735
          -29069
            3053
           34301
           56655
           64460
           55928
           33443
            2737
          -28568
          -52771
          -64039
          -59844
          -41406
          -13228
           17979
           44866
           61252
           63547
           51415
           27727
           -2084
          -31298
          -53504
          -63985
          -60620
          -44272
          -18586
           10885
           37957
           57087
           64439
           58654
           41085
           15410
          -13207
          -39130
          -57338
          -64424
          -59204
          -42837
          -18518
            9135
           34978
           54332
           63814
           61863
           48971
           27556
            1467
          -24753
          -46648
          -60583
          -64338
          -57449
          -41205
          -18365
            7314
           31705
           50991
           62256
           63887
           55774
           39290
           17030
           -7631
          -31056
          -49876
          -61463
          -64294
          -58116
          -43924
          -23789
            -538
           22657
           42726
           57091
           63980
           62631
           53358
           37454
           17001
           -5421
          -27060
          -45340
          -58162
          -64120
          -62645
          -54036
          -39393
          -20453
             624
           21507
           39956
           54061
           62425
           64289
           59583
           48905
           33433
           14776
           -5195
          -24542
          -41448
          -54387
          -62246
          -64411
          -60803
          -51857
          -38460
          -21853
           -3511
           14997
           32143
           46563
           57159
           63176
           64244
           60389
           52009
           39826
           24819
            8134
           -9004
          -25383
          -39892
          -51587
          -59751
          -63930
          -63946
          -59898
          -52137
          -41231
          -27919
          -13055
            2450
           17685
           31790
           44008
           53717
           60459
           63953
           64104
           60991
           54860
           46094
           35188
           22721
            9316
           -4386
          -17762
          -30233
