               0
               0
               0
              -1
               0
               0
               0
               0
               0
               0
               0
               0
               0
               0
               0
               0
              -1
              -1
              -1
               0
               0
               0
               0
              -1
              -1
               0
              -1
               0
               0
               0
              -1
              -1
              -1
              -1
               0
               0
               0
               0
              -1
              -1
              -1
              -1
              -1
               0
               0
               0
              -1
              -1
               0
              -1
              -1
               0
               0
              -1
              -1
               0
               0
              -1
              -1
               0
               0
              -1
              -1
               0
              -1
              -1
               0
               0
              -1
              -1
               0
               0
              -1
              -1
               0
               0
              -1
              -1
               1
               0
              -2
              -1
               1
              -1
              -2
               0
               1
              -1
              -2
               0
               1
              -2
              -2
               1
               1
              -2
              -2
               2
               1
              -3
              -1
               2
               0
              -3
               0
               3
              -1
              -4
               1
               3
              -2
              -4
               2
               3
              -4
              -3
               4
               2
              -5
              -3
               5
               1
              -7
              -1
               6
              -1
              -7
               1
               7
              -3
              -8
               3
               6
              -6
              -7
               7
               5
              -9
              -5
               9
               3
             -11
              -3
              11
               0
             -13
               1
              13
              -4
             -14
               6
              13
              -9
             -13
              11
              11
             -14
             -11
              16
               8
             -19
              -6
              20
               2
             -22
               0
              22
              -5
             -24
               8
              23
             -13
             -23
              16
              21
             -22
             -20
              25
              16
             -30
             -13
              32
               7
             -36
              -3
              37
              -4
             -40
               9
              39
             -17
             -40
              23
              37
             -31
             -35
              38
              30
             -45
             -25
              50
              17
             -57
             -10
              60
               0
             -64
               9
              65
             -21
             -65
              32
              63
             -44
             -60
              55
              53
             -68
             -46
              77
              35
             -88
             -24
              95
               9
            -102
               6
             106
             -25
            -109
              42
             107
             -63
            -104
              82
              95
            -103
             -85
             122
              69
            -141
             -52
             157
              29
            -173
              -3
             183
             -27
            -193
              59
             195
             -97
            -195
             135
             186
            -178
            -174
             220
             150
            -267
            -121
             311
              79
            -359
             -27
             403
             -42
            -449
             125
             489
            -236
            -525
             377
             549
            -577
            -571
             843
             549
           -1232
            -346
            1997
            -479
           -3975
            7480
           37673
           62009
           50754
            4632
          -44368
          -64327
          -46278
           -2542
           43086
           64600
           47828
            2409
          -43708
          -63937
          -48198
           -5584
           40714
           64343
           51283
            9444
          -36975
          -62788
          -54629
          -16692
           30717
           61377
           58537
           24516
          -22078
          -57056
          -62274
          -34679
           11196
           50934
           64108
           44653
            2661
          -40853
          -63802
          -54436
          -17865
           27214
           58726
           61608
           34418
           -9653
          -48923
          -64402
          -49190
          -10877
           32574
           60810
           60484
           31949
          -11117
          -48859
          -64381
          -50767
          -14147
           28783
           58617
           62371
           38800
           -1690
          -41495
          -63231
          -57570
          -27342
           14296
           49834
           64464
           52072
           18001
          -23325
          -54895
          -64104
          -47396
          -11563
           28845
           57575
           63444
           44483
            8233
          -31208
          -58515
          -63250
          -43922
           -8133
           30634
           57933
           63629
           45792
           11287
          -27165
          -55742
          -64275
          -49802
          -17692
           20487
           51361
           64363
           55136
           26978
          -10283
          -43896
          -62670
          -60542
          -38355
           -3569
           32253
           57450
           64078
           50220
           20417
          -15767
          -46863
          -63253
          -60089
          -38526
           -5266
           29488
           55237
           64431
           54568
           28712
           -5463
          -37939
          -59375
          -63816
          -50211
          -22535
           11352
           41963
           60918
           63219
           48428
           20669
          -12512
          -42247
          -60785
          -63460
          -49746
          -23317
            8943
           38807
           58851
           64231
           53773
           30203
            -591
          -31111
          -54109
          -64240
          -59263
          -40514
          -12507
           18241
           44741
           61080
           63722
           52259
           29395
             236
          -28868
          -51687
          -63457
          -61858
          -47402
          -23226
            5604
           33174
           53955
           63912
           61222
           46570
           22953
           -4962
          -31809
          -52551
          -63392
          -62454
          -50075
          -28667
           -2202
           24539
           46829
           60828
           64236
           56621
           39431
           15689
          -10550
          -34925
          -53489
          -63327
          -62991
          -52684
          -34175
          -10459
           14748
           37589
           54661
           63513
           62969
           53254
           35909
           13530
          -10641
          -33202
          -51063
          -61856
          -64234
          -58020
          -44174
          -24631
           -2012
           20740
           40746
           55554
           63421
           63505
           55928
           41727
           22692
            1122
          -20452
          -39576
          -54144
          -62620
          -64184
          -58790
          -47143
          -30590
          -10947
            9702
           29236
           45713
           57557
           63695
           63644
           57528
           46041
           30356
           11993
           -7332
          -25877
          -42023
          -54418
          -62076
          -64448
          -61447
          -53430
          -41152
          -25683
           -8308
            9584
           26617
           41527
           53255
           61014
           64334
           63081
           57444
           47912
           35221
           20287
            4143
          -12141
          -27527
          -41075
          -51998
          -59699
          -63799
          -64147
          -60818
          -54092
          -44429
          -32434
          -18810
           -4317
           10269
           24206
           36813
           47508
           55829
           61448
           64178
           63977
           60937
           55274
