               0
               0
              -1
               0
               0
              -1
               0
               0
               0
              -1
               0
               0
               0
              -1
               0
               0
              -1
              -1
               0
               0
              -1
              -1
               0
               0
              -1
              -1
               0
              -1
               0
               0
              -1
              -1
               0
               0
              -1
              -1
               0
               0
              -1
              -1
               0
               0
              -1
              -1
               0
               0
              -1
              -1
               0
               0
              -1
              -1
               0
               0
              -1
               0
               0
              -1
              -1
               0
               0
              -1
              -1
               0
               0
              -1
              -1
               0
               0
              -1
              -1
               0
               0
              -1
              -1
               0
              -1
              -1
               0
               0
              -1
              -1
               0
               0
              -1
              -1
               0
               0
              -1
              -1
               0
               0
              -1
              -1
               0
               0
              -1
              -1
               0
              -1
              -1
               0
               0
              -1
              -1
               0
               0
              -1
              -1
               0
               0
              -1
              -1
               0
               0
              -1
              -1
               0
               0
              -1
               0
               0
              -1
              -1
               0
               0
              -1
              -1
               0
               0
              -1
              -1
               0
               0
              -1
              -1
               0
               0
              -1
              -1
               0
              -1
              -1
               0
               0
              -1
              -1
               0
               0
              -1
              -1
               0
               0
              -1
              -1
               0
               0
              -1
              -1
               0
               0
              -1
               0
               0
              -1
              -1
               0
               0
              -1
              -1
               0
               0
              -1
              -1
               1
               0
              -2
              -1
               1
               0
              -2
              -1
               1
              -1
              -2
               0
               1
              -1
              -2
               0
               1
              -2
              -2
               1
               1
              -2
              -2
               2
               0
              -3
              -1
               2
               0
              -3
               0
               2
              -1
              -3
               1
               2
              -2
              -3
               2
               2
              -3
              -3
               3
               1
              -4
              -2
               3
               0
              -5
              -1
               4
              -1
              -5
               1
               4
              -3
              -5
               2
               4
              -4
              -4
               4
               3
              -6
              -3
               6
               1
              -7
              -1
               7
              -1
              -8
               1
               7
              -3
              -8
               4
               7
              -6
              -7
               6
               5
              -9
              -6
               9
               3
             -12
              -3
              11
              -1
             -14
               2
              13
              -7
             -15
               8
              12
             -13
             -13
              15
               9
             -21
              -8
              24
               1
             -32
               6
              38
             -35
             -99
             -19
              77
              14
             -84
             -23
              74
              12
             -86
             -19
              78
               6
             -89
             -12
              81
              -2
             -93
              -2
              84
             -13
             -95
              10
              86
             -26
             -96
              23
              86
             -39
             -94
              37
              83
             -54
             -91
              51
              78
             -67
             -84
              64
              70
             -81
             -75
              77
              60
             -93
             -63
              89
              47
            -103
             -50
              98
              33
            -112
             -34
             105
              16
            -118
             -17
             110
              -1
            -121
               1
             112
             -20
            -121
              19
             111
             -38
            -119
              38
             107
             -56
            -113
              55
              99
             -73
            -104
              72
              89
             -89
             -93
              87
              77
            -104
             -79
             100
              62
            -116
             -63
             111
              45
            -126
             -46
             120
              27
            -133
             -27
             125
               7
            -137
              -7
             128
             -13
            -138
              13
             128
             -33
            -136
              34
             124
             -53
            -131
              54
             118
             -73
            -123
              73
             108
             -92
            -112
              90
              96
            -109
             -98
             107
              81
            -123
             -83
             121
              64
            -136
             -64
             132
              45
            -146
             -44
             141
              24
            -154
             -23
             146
               1
            -158
               0
             149
             -22
            -159
              24
             148
             -45
            -156
              47
             144
             -68
            -149
              71
             135
             -91
            -140
              93
             124
            -113
            -127
             113
             109
            -133
            -110
             132
              91
            -150
             -90
             149
              70
            -166
             -68
             162
              47
            -177
             -44
             172
              21
            -185
             -18
             178
              -6
            -190
              10
             180
             -34
            -190
              39
             179
             -63
            -186
              67
             172
             -92
            -178
              95
             162
            -119
            -164
             123
             147
            -145
            -148
             148
             128
            -170
            -127
             171
             105
            -191
            -102
             190
              78
            -209
             -74
             207
              49
            -223
             -42
             219
              17
            -232
              -9
             226
             -18
            -238
              26
             228
             -54
            -237
              63
             225
             -90
            -231
              99
             217
            -127
            -220
             135
             203
            -163
            -204
             170
             183
            -196
            -181
             203
             158
            -228
            -153
             232
             127
            -256
            -120
             259
              92
            -280
             -82
             280
              52
            -298
             -40
             296
               8
            -312
               5
             306
             -39
            -319
              53
             310
             -88
            -319
             104
             306
            -139
            -311
             155
             295
            -191
            -296
             206
             276
            -241
            -273
             257
             249
            -291
