               0
              -1
               0
               0
              -1
               0
               0
               0
              -1
               0
               0
               0
              -1
               0
               0
              -1
               0
               0
               0
              -1
              -1
              -1
               0
              -1
               0
              -1
               0
               0
              -1
               0
               0
              -1
              -1
               0
               0
              -1
              -1
               0
               0
              -1
              -1
               0
               0
              -1
              -1
               0
               0
              -1
              -1
               1
               0
              -2
              -1
               1
              -1
              -2
               0
               2
              -1
              -3
               1
               2
              -3
              -3
               2
               2
              -4
              -3
               4
               2
              -6
              -2
               6
               0
              -8
               0
               8
              -2
             -10
               2
               9
              -5
             -11
               6
              10
             -10
             -11
              11
               9
             -15
              -9
              17
               6
             -21
              -5
              22
               1
             -26
               2
              27
              -8
             -30
              12
              29
             -18
             -30
              23
              29
             -31
             -28
              37
              23
             -45
             -19
              50
              12
             -58
              -6
              62
              -4
             -68
              14
              70
             -27
             -72
              39
              71
             -54
             -69
              67
              63
             -83
             -56
              97
              44
            -112
             -32
             123
              14
            -135
               5
             143
             -28
            -150
              52
             151
             -79
            -150
             106
             142
            -136
            -132
             164
             114
            -193
             -93
             218
              64
            -243
             -32
             261
              -7
            -277
              49
             285
             -97
            -288
             146
             282
            -199
            -269
             250
             244
            -303
            -213
             352
             169
            -399
            -118
             438
              56
            -472
              12
             494
             -90
            -508
             172
             507
            -261
            -494
             350
             465
            -441
            -422
             528
             360
            -612
            -285
             686
             192
            -751
             -86
             801
             -36
            -837
             167
             851
            -309
            -846
             455
             815
            -606
            -761
             754
             679
            -898
            -572
            1031
             436
           -1150
            -277
            1249
              93
           -1325
             112
            1371
            -336
           -1385
             572
            1361
            -818
           -1298
            1065
            1191
           -1310
           -1040
            1542
             843
           -1757
            -602
            1944
             316
           -2097
              10
            2205
            -374
           -2263
             767
            2258
           -1186
           -2188
            1618
            2040
           -2058
           -1813
            2489
            1496
           -2903
           -1091
            3280
             587
           -3608
              11
            3863
            -712
           -4029
            1508
            4075
           -2408
           -3978
            3405
            3691
           -4511
           -3168
            5729
            2319
           -7089
            -983
            8663
           -1283
          -10866
            6211
           19674
           -4584
          -27785
           -4177
           25201
            5249
          -24599
           -5210
           24609
            4669
          -24899
           -3840
           25273
            2752
          -25694
           -1490
           26070
              47
          -26403
            1515
           26625
           -3212
          -26751
            4984
           26723
           -6851
          -26568
            8752
           26233
          -10707
          -25750
           12655
           25074
          -14615
          -24242
           16527
           23213
          -18409
          -22029
           20204
           20655
          -21931
          -19138
           23532
           17446
          -25031
          -15630
           26372
           13663
          -27581
          -11599
           28604
            9412
          -29472
           -7158
           30136
            4817
          -30627
           -2443
           30901
              17
          -30995
            2404
           30868
           -4840
          -30559
            7235
           30031
           -9611
          -29328
           11909
           28416
          -14154
          -27341
           16290
           26073
          -18343
          -24660
           20258
           23075
          -22064
          -21367
           23710
           19510
          -25225
          -17558
           26562
           15483
          -27752
          -13340
           28750
           11104
          -29591
           -8829
           30232
            6490
          -30710
           -4141
           30986
            1757
          -31097
             608
           31006
           -2981
          -30756
            5306
           30308
           -7613
          -29707
            9847
           28918
          -12037
          -27987
           14130
           26880
          -16157
          -25644
           18066
           24247
          -19886
          -22738
           21571
           21085
          -23150
          -19337
           24576
           17465
          -25880
          -15519
           27019
           13471
          -28024
          -11370
           28852
            9190
          -29538
           -6980
           30038
            4714
          -30391
           -2443
           30554
             141
          -30566
            2141
           30388
           -4430
          -30061
            6674
           29545
           -8900
          -28884
           11056
           28042
          -13170
          -27062
           15191
           25911
          -17147
          -24634
           18987
           23198
          -20741
          -21650
           22359
           19961
          -23871
          -18178
           25230
           16272
          -26466
          -14292
           27533
           12212
          -28465
          -10081
           29216
            7873
          -29822
           -5638
           30239
            3352
          -30505
           -1065
           30577
           -1249
          -30496
            3537
           30222
           -5824
          -29796
            8060
           29181
          -10270
          -28419
           12403
           27476
          -14485
          -26396
           16465
           25146
          -18372
          -23772
           20155
           22243
          -21843
          -20607
           23387
           18835
          -24818
          -16974
           26089
           14997
          -27230
          -12955
           28197
           10819
          -29024
           -8641
           29666
            6394
          -30158
           -4131
           30460
            1824
          -30607
             474
           30562
           -2788
          -30362
            5067
           29970
           -7336
          -29427
            9545
           28697
          -11718
          -27824
           13805
           26773
          -15834
          -25590
           17753
           24241
          -19590
          -22775
           21297
           21159
          -22902
          -19443
           24358
           17596
          -25694
          -15670
           26865
           13634
          -27903
          -11541
           28763
            9363
          -29479
           -7151
           30008
            4879
          -30386
           -2598
           30571
             284
          -30603
            2013
           30441
           -4318
          -30126
            6579
           29620
           -8821
          -28965
           10995
           28126
          -13125
          -27146
           15161
           25994
          -17131
          -24713
           18984
           23272
          -20748
          -21717
           22375
           20021
