               0
               0
               0
              -1
               0
               0
               0
               0
               0
               0
               0
               0
               0
               0
               0
               0
               0
               0
              -1
               0
               0
               0
              -1
               0
               0
              -1
               0
              -1
               0
               0
              -1
              -1
               0
               0
              -1
              -1
               0
               0
              -1
              -1
               0
               0
              -1
              -1
               0
               0
              -1
               0
               0
              -1
              -1
               0
               0
              -1
              -1
               0
               0
              -1
              -1
               0
               0
              -1
              -1
               0
               0
              -1
               0
               0
              -1
              -1
               0
               0
              -1
              -1
               0
               0
              -1
              -1
               0
               0
              -1
              -1
               0
               0
              -1
              -1
               0
              -1
              -1
               0
               0
              -1
              -1
               0
               0
              -1
              -1
               0
               0
              -1
              -1
               0
               0
              -1
              -1
               0
              -1
              -1
               0
               0
              -1
              -1
               0
               0
              -1
              -1
               0
               0
              -1
              -1
               0
               0
              -1
              -1
               0
               0
              -1
               0
               0
              -1
              -1
               0
               0
              -1
              -1
               0
               0
              -1
              -1
               0
               0
              -1
              -1
               0
               0
              -1
               0
               0
              -1
              -1
               0
               0
              -1
              -1
               0
               0
              -1
              -1
               0
               0
              -1
              -1
               0
               0
              -1
              -1
               0
              -1
              -1
               0
               0
              -1
              -1
               0
               0
              -1
              -1
               0
               0
              -1
              -1
               0
               0
              -1
              -1
               0
               0
              -1
               0
               0
              -1
              -1
               0
               0
              -1
              -1
               0
               0
              -1
              -1
               0
               0
              -1
              -1
               0
               0
              -1
               0
               0
              -1
              -1
               0
               0
              -1
              -1
               0
               0
              -1
              -1
               0
               0
              -1
              -1
               0
               0
              -1
              -1
               0
              -1
              -1
               0
               0
              -1
              -1
               0
               0
              -1
              -1
               0
               0
              -1
              -1
               0
               0
              -1
              -1
               0
              -1
              -1
               0
               0
              -1
              -1
               0
               0
              -1
              -2
               0
               0
              -2
              -2
               0
               0
              -2
              -1
               1
              -1
              -3
              -1
               1
              -1
              -3
               0
               1
              -3
              -4
               2
               2
              -5
              -5
               7
               5
             -25
             -51
             -40
              -8
               5
              -4
             -11
              -4
              -1
              -5
              -7
              -3
              -3
              -6
              -6
              -3
              -4
              -6
              -6
              -3
              -4
              -6
              -5
              -3
              -4
              -6
              -5
              -4
              -5
              -5
              -4
              -4
              -5
              -5
              -4
              -4
              -5
              -5
              -4
              -4
              -5
              -5
              -4
              -5
              -5
              -5
              -4
              -5
              -5
              -5
              -4
              -5
              -5
              -5
              -4
              -5
              -5
              -4
              -5
              -5
              -5
              -4
              -5
              -5
              -5
              -4
              -5
              -5
              -5
              -4
              -5
              -5
              -5
              -5
              -5
              -5
              -5
              -5
              -5
              -5
              -5
              -4
              -5
              -5
              -5
              -5
              -5
              -5
              -5
              -5
              -5
              -5
              -5
              -5
              -5
              -5
              -5
              -5
              -5
              -5
              -5
              -5
              -5
              -5
              -5
              -5
              -5
              -5
              -5
              -5
              -5
              -5
              -5
              -5
              -5
              -5
              -5
              -5
              -5
              -5
              -5
              -5
              -5
              -5
              -4
              -5
              -5
              -5
              -5
              -5
              -5
              -5
              -5
              -5
              -5
              -5
              -5
              -5
              -5
              -5
              -5
              -5
              -5
              -5
              -5
              -5
              -5
              -5
              -4
              -5
              -5
              -5
              -5
              -5
              -5
              -4
              -4
              -5
              -5
              -4
              -4
              -5
              -5
              -5
              -5
              -5
              -5
              -5
              -5
              -5
              -5
              -5
              -5
              -5
              -5
              -5
              -5
              -5
              -5
              -5
              -5
              -5
              -5
              -5
              -5
              -5
              -5
              -4
              -5
              -5
              -5
              -5
              -5
              -5
              -5
              -5
              -5
              -5
              -4
              -5
              -5
              -5
              -5
              -5
              -5
              -5
              -4
              -5
              -5
              -5
              -4
              -5
              -5
              -5
              -4
              -5
              -5
              -5
              -4
              -5
              -5
              -5
              -4
              -5
              -5
              -5
              -4
              -5
              -5
              -4
              -4
              -5
              -5
              -4
              -4
              -5
              -5
              -5
              -4
              -5
              -5
              -5
              -5
              -5
              -5
              -4
              -5
              -5
              -5
              -4
              -5
              -5
              -5
              -5
              -5
              -5
              -4
              -4
              -5
              -5
              -5
              -4
              -5
              -5
              -5
              -4
              -5
              -5
              -5
              -4
              -5
              -5
              -5
              -4
              -5
              -5
              -5
              -5
              -5
              -5
              -4
              -5
              -5
              -5
              -4
              -4
              -5
              -5
              -4
              -4
              -5
              -5
