               0
              -1
               0
               0
              -1
               0
               0
               0
              -1
               0
               0
               0
              -1
               0
               0
              -1
               0
               0
               0
              -1
              -1
              -1
               0
              -1
               0
              -1
               0
               0
              -1
               0
               0
              -1
              -1
               0
               0
              -1
              -1
               0
               0
              -1
              -1
               0
               0
              -1
              -1
               0
               0
              -1
              -1
               0
               0
              -1
              -1
               0
              -1
              -1
               0
               0
              -1
              -2
               0
               1
              -1
              -2
               1
               1
              -2
              -2
               1
               0
              -3
              -1
               2
               0
              -3
               0
               3
              -1
              -4
               1
               3
              -2
              -5
               2
               4
              -4
              -5
               4
               3
              -6
              -4
               6
               2
              -9
              -2
               9
               0
             -11
               1
              10
              -3
             -12
               4
              11
              -8
             -12
               9
              11
             -13
             -11
              14
               9
             -18
              -8
              20
               5
             -23
              -3
              24
              -2
             -27
               5
              27
             -11
             -29
              15
              28
             -22
             -28
              26
              25
             -33
             -23
              38
              17
             -45
             -13
              49
               5
             -54
               1
              56
             -11
             -60
              20
              60
             -32
             -60
              42
              56
             -54
             -53
              65
              45
             -77
             -37
              86
              25
             -97
             -13
             104
              -3
            -110
              19
             113
             -39
            -115
              57
             112
             -79
            -107
              99
              97
            -121
             -85
             139
              67
            -159
             -48
             174
              22
            -188
               4
             196
             -36
            -202
              68
             201
            -103
            -197
             138
             185
            -175
            -168
             209
             143
            -243
            -114
             272
              77
            -299
             -35
             318
             -14
            -333
              65
             338
            -122
            -337
             180
             324
            -240
            -303
             298
             270
            -356
            -228
             409
             174
            -457
            -112
             496
              38
            -527
              43
             544
            -132
            -551
             225
             541
            -324
            -517
             421
             474
            -519
            -415
             611
             336
            -697
            -241
             771
             127
            -833
               1
             875
            -146
            -899
             302
             897
            -469
            -870
             640
             811
            -815
            -722
             985
             596
           -1151
            -436
            1299
             235
           -1431
               0
            1531
            -279
           -1598
             593
            1614
            -951
           -1577
            1344
            1461
           -1781
           -1254
            2260
             915
           -2794
            -385
            3403
            -516
           -4238
            2480
            7552
           -2273
          -11318
           -1604
           10154
            2054
           -9884
           -2052
            9866
            1835
           -9979
           -1512
           10116
            1075
          -10285
            -578
           10427
              -2
          -10563
             619
           10643
           -1302
          -10698
            2002
           10680
           -2753
          -10623
            3506
           10482
           -4292
          -10295
            5064
           10019
           -5852
           -9692
            6609
            9274
           -7367
           -8807
            8078
            8252
           -8773
           -7652
            9407
            6970
          -10012
           -6250
           10542
            5459
          -11031
           -4640
           11434
            3760
          -11787
           -2865
           12047
            1923
          -12250
            -981
           12354
               5
          -12397
             957
           12341
           -1937
          -12224
            2889
           12007
           -3845
          -11733
            4758
           11362
           -5662
          -10938
            6510
           10426
           -7337
           -9867
            8098
            9227
           -8826
           -8550
            9479
            7802
          -10091
           -7027
           10620
            6192
          -11102
           -5341
           11496
            4440
          -11839
           -3536
           12089
            2594
          -12287
           -1661
           12391
             701
          -12442
             239
           12400
           -1194
          -12306
            2119
           12121
           -3047
          -11887
            3935
           11565
           -4817
          -11199
            5649
           10750
           -6465
          -10261
            7223
            9697
           -7958
           -9099
            8626
            8431
           -9263
           -7738
            9828
            6983
          -10356
           -6211
           10805
            5386
          -11213
           -4551
           11538
            3673
          -11818
           -2795
           12013
            1882
          -12160
            -980
           12219
              53
          -12230
             854
           12153
           -1775
          -12027
            2667
           11815
           -3563
          -11557
            4420
           11214
           -5272
          -10828
            6074
           10362
           -6862
           -9857
            7592
            9276
           -8300
           -8663
            8941
            7981
           -9551
           -7274
           10089
            6505
          -10589
           -5720
           11010
            4882
          -11389
           -4035
           11683
            3146
          -11932
           -2258
           12093
            1338
          -12204
            -428
           12228
            -503
          -12201
            1412
           12086
           -2333
          -11921
            3221
           11669
           -4111
          -11371
            4958
           10987
           -5797
          -10561
            6583
           10055
           -7352
           -9511
            8059
            8894
           -8740
           -8246
            9352
            7531
           -9930
           -6793
           10432
            5996
          -10895
           -5185
           11276
            4325
          -11612
           -3459
           11863
            2555
          -12066
           -1655
           12181
             727
          -12246
             186
           12222
           -1118
          -12148
            2023
           11985
           -2937
          -11773
            3815
           11476
           -4690
          -11133
            5519
           10707
           -6337
          -10239
            7098
            9694
           -7839
           -9113
            8516
            8461
           -9164
           -7780
            9740
            7036
          -10281
           -6271
           10743
            5451
          -11164
           -4619
           11502
            3742
          -11795
           -2863
           12000
            1948
          -12157
           -1042
           12226
             111
          -12244
             802
           12173
           -1730
          -12053
            2628
           11845
           -3531
          -11589
            4395
           11247
           -5253
          -10861
            6062
           10395
           -6855
           -9888
            7590
            9306
           -8302
           -8690
            8947
            8005
